rw        r         Tu        Hl        Tl        Hu        L         Kw        y         
0.129344  22.0972   89912.2   799.697   82.3009   945.12    1129.24   12485.2   84.0208   
0.12193   308.948   97568.9   727.816   99.7393   920.323   1342.49   12172.3   81.0933   
0.127402  3759.61   110254    812.841   88.0221   961.134   1542.12   10453.8   50.932    
0.108558  1623.89   98930.7   819.26    102.807   991.79    1625.24   12931.4   50.6014   
0.105778  41.7248   75031.7   790.51    81.3368   972.377   1243.23   10733.6   54.9984   
0.131323  6263.1    88512.8   778.797   74.9357   923.474   1569.11   11681.5   57.8209   
0.157537  1.46506   84396.2   787.88    87.033    959.81    1413.63   11236.4   106.281   
0.141996  50.7025   88321.8   710.157   91.742    890.974   1211.32   10719.6   100.781   
0.14988   1313.06   87945     815.212   84.6326   933.501   1630.51   10475.9   53.2225   
0.155496  30.5058   88740.7   704.803   100.827   828.626   1635.77   11105     63.5798   
0.173218  53.9287   96902.6   721.468   90.5016   869.46    1369.99   11570.1   116.873   
0.119174  7.93556   92709.6   715.541   83.1974   859.706   1663.83   10742.8   41.4359   
0.11818   41.5195   89857     753.779   101.361   945.053   1245.94   12035     80.7517   
0.100028  77.7598   91568.1   774.314   88.5564   917.996   1141.37   10838.4   42.7355   
0.105996  1761.66   92902.5   816.686   96.6104   939.116   1676.88   12788.4   32.8141   
0.170294  219.03    86818.1   717.169   86.7204   913.639   1530.03   11962.7   138.651   
0.181483  21.5791   91041.2   766.896   90.035    955.564   1198.5    12553.7   202.625   
0.117717  79.4142   74381     778.513   77.2847   944.64    1626.66   11119.2   49.2399   
0.139805  2.38672   96395.5   702.225   88.0925   845.415   1368.18   9860.66   63.2249   
0.176782  278.84    90070.3   746.623   93.8538   881.489   1401.18   12733.9   119.009   
0.192569  0.748197  94569.2   742.165   72.1632   891.246   1610.77   11891.9   127.893   
0.159736  1339.87   83890.2   809.326   86.883    953.753   1658.7    12249.4   84.6663   
0.169769  353.193   102392    741.532   100.485   913.902   1628.53   9776.08   93.0785   
0.135531  1321.08   93047.2   770.33    77.7928   940.243   1243.51   12287.9   95.8629   
0.195086  247.825   98684.9   818.478   94.2801   943.108   1644.4    12973.4   116.239   
0.112781  734.152   86113.6   744.727   107.643   904.472   1247.55   9979.9    50.853    
0.181429  83.4116   79952.7   754.821   86.3851   865.938   1205.28   9687.93   91.5005   
0.162631  919.225   80555.8   797.233   93.3388   901.516   1584.43   11931.4   64.6543   
0.193166  176.48    98702.4   810.609   87.3128   919.411   1669.94   10524.7   79.65     
0.106653  0.228238  102454    743.113   96.4511   940.217   1477.75   10056.3   47.9176   
0.123847  1.54246   85558.7   791.861   88.5963   893.917   1456.95   12741.7   42.9251   
0.137757  1986.09   80475.5   760.213   85.6119   865.294   1570.65   12067.4   47.7423   
0.128314  219.797   85492.4   743.144   106.673   916.817   1501.57   10965.8   65.3286   
0.179823  163.395   86706     752.772   69.8252   866.922   1422.51   12672.3   101.872   
0.157436  571.68    79300.9   810.101   79.9623   959.113   1497.65   12399.6   95.0665   
0.172881  193.539   99673.3   780.216   92.3309   884.232   1355.91   11648.5   83.0924   
0.147334  736.41    85088     717.79    71.7059   861.899   1161.31   12904.9   107.665   
0.107937  151.587   93948.3   800.143   88.1516   961.14    1529.95   11029.4   42.3336   
0.160636  201.934   93395.2   721.483   85.5426   893.107   1295.68   10682     113.692   
0.100024  343.752   90776.4   742.439   98.6738   899.446   1417.17   12055.1   41.8315   
0.112543  3109.99   85438.8   811.292   88.8684   992.001   1444.67   12572.1   62.1812   
0.147492  21.5724   76304.5   796.511   90.7007   983.175   1550.73   9506.56   77.9194   
0.163197  23.8093   103478    780.059   83.7044   905.276   1509.73   11196.8   77.2477   
0.165715  473.686   89941.1   750.344   82.7179   941.097   1553.09   11221.7   117.782   
0.185396  8.80851   94492.5   703.621   90.1736   864.354   1585.09   11871.8   129.279   
0.172637  48.6392   92627.2   709.053   91.3197   816.552   1341.2    11353.8   84.5459   
0.117656  20.3009   87777.6   736.368   82.793    857.131   1355.44   11156.8   43.0755   
0.1167    419.871   80648.4   760.374   89.102    911.337   1652.79   11483.9   44.6834   
0.183416  379.321   85952.5   796.415   94.6038   957.53    1638.73   11439.9   117.754   
0.109477  103.3     87445.7   810.405   84.3091   996.263   1449.61   9928.57   47.771    
0.152109  26.1475   92717.1   736.729   85.385    867.75    1609.18   12593.8   74.1297   
0.116824  134.789   88806     812.133   101.359   953.262   1505.42   10770.2   43.144    
0.193651  455.53    103158    754.513   88.6503   857.613   1450.55   10240     84.7627   
0.172823  278.551   85027.1   738.211   80.658    866.301   1491.6    9508.97   75.9585   
0.158543  39.3332   80280.6   759.348   102.935   913.719   1234.92   11455.1   112.373   
0.176338  79.5159   82963.7   744.431   87.02     853.068   1452.51   10108.3   73.2969   
0.150501  7.41416   95473.1   803.476   87.0173   905.258   1181.27   10389.8   63.4199   
0.170253  1671      102805    733.94    87.5245   838.079   1232.69   10325.9   78.4369   
0.160309  125.683   89658.2   738.849   87.9353   856.91    1569.98   9773.14   58.9768   
0.152552  11151.5   90131.1   785.072   86.1227   891.808   1591.97   11343     55.008    
0.184008  3.89854   91173.1   804.029   103.347   929.953   1462.18   10913.7   99.6052   
0.166345  630.531   65689.9   807.9     79.833    994.056   1135.44   12995.8   182.236   
0.199782  14474.5   103025    813.617   97.3164   914.876   1369.58   12683.1   115.131   
0.107781  158.045   93472     761.356   87.5974   909.559   1487.45   9750.07   35.3413   
0.105212  349.562   84744.8   771.661   94.4782   914.548   1422.33   9501.61   33.0898   
0.120249  2.70152   93350.7   725.413   93.8332   912.851   1139.65   9922.51   73.9798   
0.119025  19.7409   80532.8   747.573   99.2075   882.515   1197.14   10213.1   51.0784   
0.177481  433.391   93170.7   731.071   83.4755   914.064   1198.87   11454.1   170.612   
0.10951   51.6596   90771.9   734.773   77.1623   869.674   1564.3    9588.08   31.0609   
0.19829   273.712   93563.6   775.603   76.9292   939.865   1332.04   12526.7   187.55    
0.149586  10.6059   93522.6   756.422   77.5052   953.685   1296.41   9926.99   105.685   
0.116797  6698.25   85798.6   791.268   95.7792   950.594   1326.01   9671.29   49.5189   
0.155041  20.8998   91912.7   722.094   104.771   864.899   1375.5    12724.2   99.2438   
0.110662  27.4957   81378.7   812.139   92.0454   962.369   1598.24   9591.89   34.6109   
0.183056  124.486   86082.4   704.319   84.5152   844.571   1347.79   12523.4   135.56    
0.102931  748.528   93858.5   760.135   96.1072   861.114   1520.68   11609.2   25.563    
0.194238  149.313   78966.8   729.891   72.2395   845.391   1626.87   10941.8   91.0113   
0.116672  56.835    87374.4   810.414   92.17     972.289   1293.2    11813.1   62.9717   
0.123963  1.13628   87094.7   703.097   89.8827   818.737   1359.45   9637.79   39.5253   
0.118799  71.9905   90240.3   794.121   85.4715   953.151   1536.93   10026.9   45.8427   
0.1275    27.4007   93454.7   765.519   86.7095   874.508   1200.25   11343.4   52.355    
0.174357  874.549   83952.9   785.882   78.3594   912.07    1564.18   11441.4   87.0995   
0.169324  13.6411   89152.7   751.089   83.9551   908.157   1384.42   9511.02   96.6937   
0.132342  288.262   91798.3   701.989   109.181   886.88    1599.1    11847.2   75.0275   
0.10601   208.892   99366.9   731.712   92.7535   889.787   1592.55   11392.6   39.793    
0.18978   127.296   92714     785.73    85.5943   908.365   1317.55   10657.2   111.008   
0.143472  8.78486   90250     805.238   79.1005   939.852   1147.85   10495.2   79.2053   
0.166805  391.497   91280.4   810.772   104.784   975.66    1427.87   11389.9   114.032   
0.143127  26.4029   99786.3   706.872   102.527   830.388   1300.01   12262.1   74.6112   
0.197379  33.8779   80864.2   781.8     85.9311   918.26    1408.13   10198     119.942   
0.162408  780.471   82520.6   780.781   81.7737   936.856   1362.88   11555.7   108.399   
0.10937   3134.59   92032.3   759.082   82.7931   906.941   1302.97   11500.4   48.7233   
0.101975  17.9101   75251.1   790.299   82.4639   914.84    1287.77   10362.9   32.6552   
0.133548  1446.25   83523.1   801.64    88.1735   979.344   1597.41   10361.5   64.1927   
0.184628  72.86     85785.6   709.387   94.2571   839.207   1241.44   12249.7   135.729   
0.121529  3412.96   92642.1   806.813   91.7575   1001.24   1246.16   9782.6    70.3628   
0.162582  43.5747   87648     809.629   94.6875   997.221   1271.74   12533.7   152.355   
0.111235  145.446   94573.6   744.539   98.1126   910.797   1278.69   9534.1    48.0245   
0.150845  184.053   102627    809.539   90.8399   939.07    1347.45   10007.3   68.3164   
0.145883  55.5293   92825.9   762.189   91.3171   866.901   1171.66   11720.5   69.5499   
0.104659  695.097   112545    752.33    95.5134   858.894   1223.73   9584.48   28.6074   
0.19958   350.685   90845.2   738.78    94.9485   853.339   1205.09   11006.6   129.081   
0.193957  7.10306   98257     747.331   87.9263   857.009   1209.27   12880.3   136.942   
0.100306  1804.91   89455.2   728.899   96.3466   834.924   1353.54   11554     28.4825   
0.119312  4148.55   94485.9   759.261   91.6079   954.056   1232.44   9747.96   68.464    
0.122754  43.1685   83536.1   762.927   90.4283   923.057   1213.21   9866.93   61.4063   
0.125588  226.07    106440    801.377   83.6082   943.827   1227.34   11751.2   67.1264   
0.123385  5.28449   85853.8   788.478   87.3531   923.202   1200.53   11097.9   59.3853   
0.18435   42.4171   90172     787.6     90.2342   984.252   1238.58   10327.7   173.588   
0.14129   443.74    104443    739.147   92.5322   872.456   1467.55   10172.2   57.6028   
0.175916  4.18333   90930.3   713.986   94.9583   880.312   1501.31   10264.9   110.174   
0.170275  1029.73   94295.9   709.9     106.606   848.574   1595.12   11229.3   88.1858   
0.192052  24.0353   89555     784.652   97.9796   959.509   1291.6    11559.8   179.873   
0.184142  5.5672    73780.6   745.016   84.8384   923.566   1133.45   11736.2   195.562   
0.180705  275.245   100023    777.486   89.0359   939.897   1626.89   11030.5   111.945   
0.138348  760.206   81842.9   723.993   85.1716   828.848   1146.82   11761.8   64.0281   
0.10967   1669.18   91408.7   718.034   75.6869   864.885   1664.27   10950.8   36.3282   
0.150299  2345.94   84511.1   708.125   85.2447   821.579   1231.05   12090.3   78.093    
0.156434  209.532   89673.9   733.965   89.1659   844.774   1158.65   12459.7   90.6469   
0.17483   323.259   95955.4   809.601   79.4395   982.497   1142.27   12288.3   175.863   
0.12172   388.221   86983.6   700.647   79.6782   875.347   1325.4    9610.33   58.6412   
0.168156  16.0408   95395     774.344   102.749   944.284   1406.47   10404.9   111.164   
0.114426  52.8233   95451.2   754.724   93.258    902.528   1670.75   12569.8   45.5927   
0.177951  1811.19   92459     766.282   94.7375   875.864   1527.85   12240.7   86.2727   
0.102809  41.4938   94896.9   708.212   86.8283   890.539   1611.26   11104.2   41.619    
0.152054  754.461   85048.2   790.226   84.35     895.326   1656.21   12662.8   57.8504   
0.157859  36.9643   70660.3   787.84    76.0674   916.799   1266.18   12521.4   98.9625   
0.123724  37.2718   92374.6   802.519   100.561   935.986   1230.07   9582.48   49.832    
0.142408  250.676   95398.6   765.277   83.1957   914.916   1328.69   12142.7   86.4069   
0.144846  72.5372   74541.1   757.949   92.6503   917.743   1622.72   11586.7   74.8282   
0.173755  38.5601   107918    805.108   110.964   988.6     1271.08   10610.9   144.397   
0.101032  130.725   82538.4   707.84    76.7097   889.154   1230.55   12661.1   59.5314   
0.111482  8143.69   88522.3   774.393   98.0782   881.061   1626.68   9969.98   25.4156   
0.141977  4794.45   81711.8   807.648   87.978    972.593   1434.37   12501.6   90.1009   
0.176075  487.827   103357    727.786   101.703   839.124   1492.9    10247.8   73.8238   
0.10139   90.1929   87952.8   760.922   87.2414   909.047   1461.46   11337.9   36.9967   
0.158435  1541.98   79762.3   751.604   76.5      923.684   1261.88   10385.5   110.315   
0.10374   84.3183   85661.7   734.14    83.0656   837.327   1655.13   11314.9   23.7792   
0.161967  102.027   92481.5   748.166   82.1877   925.191   1367.75   11888.3   125.684   
0.166586  89.5125   89833.9   798.894   87.8389   936.863   1667.65   11992.4   85.8852   
0.192362  185.803   69239.1   790.241   99.6113   907.184   1609.59   12244.2   102.418   
0.142407  27.9846   93956.9   711.92    86.9977   900.75    1136.89   9921.07   104.423   
0.171705  1123.86   99364.4   711.428   103.416   863.324   1428.04   11722.5   114.313   
0.117637  137.506   93889.6   807.291   96.8299   1004.18   1423.95   12753     76.3136   
0.134842  64.8283   75435.2   771.511   102.92    892.46    1465.92   10262.3   48.1813   
0.167579  31.2716   77794.8   701.769   78.2359   825.19    1128.03   11215.2   107.257   
0.166721  309.162   88647.2   802.739   90.9777   982.558   1473.52   10734.1   113.436   
0.121567  111.103   92445.3   703.854   86.6401   881.193   1139.77   12537.2   89.9915   
0.19365   542.246   97458.3   786.635   93.7813   905.176   1267.39   10769.1   117.085   
0.120945  760.186   89717.7   745.407   92.0984   939.558   1629.8    10154.2   55.3477   
0.147701  69.1558   92876.4   816.566   85.594    1008.75   1248.6    10192.3   106.836   
0.125719  106.746   88683.7   816.202   91.2338   1006.43   1626.83   10367.2   59.9689   
0.155213  47.2685   107922    713.768   106.031   905.68    1228.16   11904.3   139.902   
0.19109   232.187   86823.7   799.335   83.8493   904.927   1535.36   10273.7   80.223    
0.196667  1897.94   88019.5   713.648   89.551    832.01    1446.82   9513.6    93.3525   
0.135679  338.773   67828.5   814.266   74.0968   991.345   1403.51   10452.5   75.7203   
0.144436  77.5241   81767.8   707.403   84.4997   857.58    1228.27   10661.4   84.861    
0.197092  845.822   83671.3   763.326   77.8542   933.052   1524.02   12185     162.884   
0.113763  682.57    75088.5   817.588   75.1828   961.561   1390.47   10865.3   45.4755   
0.117025  111.937   97532.2   726.663   103.703   890.72    1577.58   12493.6   55.6988   
0.174837  679.188   81112.8   809.284   92.0897   993.916   1207.93   11953.4   173.105   
0.100511  4.15001   88244.1   734.658   85.6328   841.03    1512.87   12917.9   28.7726   
0.10712   118.234   93106.5   712.568   90.4653   892.832   1534.5    11076.3   46.7559   
0.189588  1725.93   92943.2   806.033   91.5895   936.167   1488.35   9937.45   96.9557   
0.127033  9.94619   84307.2   714.077   85.0094   872.582   1277.29   10808.4   67.7607   
0.104012  200.679   97590.4   812.464   94.511    977.124   1170.7    12716.1   60.5024   
0.103666  20.7237   77916.8   740.225   90.3181   926.673   1161.81   9692.5    52.3773   
0.170553  482.359   72150.7   804.672   75.2398   1004.59   1489.34   11854     143.651   
0.183793  440.515   87177.5   709.313   86.5705   873.505   1375.67   12172.1   152.128   
0.12378   5.16175   101239    760.268   103.476   955.254   1281.28   11207.4   81.8968   
0.187605  88.2517   91241.9   811.648   87.6562   978.532   1207.92   11379.2   171.83    
0.166368  2463.59   71829.4   755.651   115.546   880.817   1205.62   10541.5   94.2146   
0.172932  129.903   93344     701.515   89.2492   858.952   1400.01   10492.2   109.937   
0.180775  147.016   85371.1   737.814   87.084    934.608   1123.17   12740.2   225.95    
0.175667  108.424   83340.3   787.134   72.9037   959.813   1338.32   9818.03   121.596   
0.108169  251.22    107685    812.412   95.1422   1010.08   1364.37   12591.9   66.765    
0.102598  1684.19   95012.9   803.757   88.0534   945.867   1499.81   10057.7   31.3923   
0.174085  8509.76   75931.2   764.688   76.095    937.874   1164.82   11294.7   156.614   
0.127762  20.6852   94133.2   738.587   90.5481   882.995   1556.18   12568.9   59.5906   
0.18826   5.31798   83734.8   731.568   79.6714   841.553   1250.27   12170     118.346   
0.183941  1103.62   90044.1   810.786   97.8959   986.698   1336.53   12496.7   172.405   
0.104067  1.30789   92893.2   713.945   95.8127   878.252   1630      12630     43.2683   
0.149774  5.51306   81184.8   715.572   94.4306   859.936   1347.18   11380.4   85.6326   
0.191682  141.525   97759.3   726.138   92.4757   848.709   1669.79   9644      81.0987   
0.101259  219.833   77904.7   701.82    79.1499   864.702   1425.83   11150.4   40.8713   
0.151136  8.7595    93970.1   702.843   102.06    889.417   1122.24   10114.1   120.171   
0.187004  62.8849   109008    739.142   100.161   849.097   1216.37   12629.7   124.118   
0.167646  20.3401   76039.4   745.96    79.3411   864.098   1636.82   9695.85   61.4789   
0.115344  8414.48   82336.7   708.077   86.7856   885.268   1244.08   10931.9   64.5898   
0.18592   113.344   84249.7   795.392   89.3946   956.106   1232.03   10007.6   140.347   
0.197347  24.7202   102195    734.836   84.2416   931.471   1237.91   11713.1   225.261   
0.184503  11812.6   93825.4   805.583   96.5843   944.316   1602.43   12788.4   116.59    
0.100747  13.7877   109587    700.518   97.4991   834.89    1601.26   11008.3   29.4047   
0.126606  2265.28   98923     742.685   91.0343   938.3     1240.24   12616     99.3304   
0.184184  988.009   78951.3   705.961   77.4774   904.177   1284.66   11969.6   193.435   
0.130885  171.118   96801     796.488   90.7882   899.414   1378.93   12476.1   49.8122   
0.142976  1724.15   101590    707.762   99.42     840.496   1144.18   10252.7   75.7272   
0.187378  1533.18   76633.6   789.912   84.2369   972.738   1428.36   10874.3   151.361   
0.195426  1.10009   103520    805.846   101.08    927.724   1293.51   11796.5   132.964   
0.127085  1464.69   88968.5   721.111   90.1335   837.171   1592.04   10527.7   38.7256   
0.113747  316.874   89945     805.882   84.495    990.442   1386.26   10641.2   57.3175   
0.115385  56.6244   75604.8   774.027   80.1718   959.316   1447.66   10499     55.9967   
0.107013  66.6411   91363.8   798.534   87.2146   919.686   1487.31   9598.22   28.0515   
0.134001  1498.34   84697.2   726.813   85.5121   831.912   1313.46   11990.1   53.6425   
0.130356  155.851   95527.7   700.387   100.901   869.357   1531.79   9864.66   57.8681   
0.112303  421.738   86815.7   703.558   74.1266   886.841   1538      9523.33   44.7723   
0.158356  177.766   95256.7   734.661   96.9725   871.777   1344.74   9861.5    78.6916   
0.188602  80.3431   95356.7   774.667   93.9143   933.428   1259.01   12578.2   175.237   
0.174912  238.14    104904    786.736   95.1786   894.528   1291.98   9558.96   76.0008   
0.186936  206.998   93352.4   744.537   93.4038   881.243   1236.58   9857.52   118.399   
0.15044   46.2632   79607.1   720.164   94.7478   904.861   1298.39   12042.6   121.032   
0.184626  21.9716   85894.8   783.935   79.4587   959.023   1249.7    10786.4   160.41    
0.179003  10.9645   74737.8   739.477   82.4924   864.196   1167.49   10397     111.013   
0.189705  156.25    84956.4   804.797   88.6364   932.219   1651.93   11438.1   98.8166   
0.16835   139.464   88286.7   704.094   81.2413   888.567   1527.09   10019.6   106.945   
0.165771  562.647   86641.5   780.021   97.4818   942.398   1173.7    9793.62   115.861   
0.115146  109.812   92797.1   733.866   100.724   844.445   1631.97   11321.7   31.8536   
0.141776  105.545   86983.7   790.768   73.9261   947.679   1567.95   12808.9   80.3549   
0.194894  8.36484   89083.3   793.701   94.5237   967.914   1370.62   10493.5   158.243   
0.187236  42.702    93396.3   722.909   94.2066   877.715   1420.66   11026.9   131.306   
0.183878  25.6792   74498.7   808.193   76.1773   955.948   1120.84   11939     165.247   
0.133526  84.2749   88200.5   808.728   93.0584   940.45    1428.41   10048.2   51.6756   
0.164925  592.19    70166.3   756.654   75.6924   873.853   1636.12   10902.8   66.0888   
0.124171  24.0723   78889.6   807.364   80.7074   988.393   1610.3    12941.1   70.1861   
0.198956  79.3468   82928.6   703.097   96.055    842.782   1242.79   12763.4   176.16    
0.149838  17.6877   108453    756.586   103.848   895.522   1633      10624.6   63.5444   
0.131363  36.0148   94586.9   804.091   81.8123   953.974   1386.61   12133.2   70.7328   
0.111442  251.205   97643.2   748.284   100.039   926.292   1371.55   12003.4   60.5287   
0.16942   29.7248   98412.7   723.642   97.8527   914.817   1196.66   11553.7   165.232   
0.19645   23.0046   87994.9   708.94    95.0115   847.704   1648.41   11031.5   111.865   
0.120832  60.8218   105958    708.488   89.9341   891.149   1272.4    12582.6   82.4413   
0.163801  17737.1   84005.8   711.002   80.7206   826.431   1384.38   10112.4   70.0846   
0.118466  30.1171   78117.6   804.364   88.3559   933.368   1506.02   12454.9   46.8668   
0.168833  1.97629   91598.5   741.5     95.1981   895.358   1178.23   9730.14   113.437   
0.176317  366.648   109143    811.443   87.2912   992.557   1441.38   12144.8   147.349   
0.150278  81.3562   92724.2   704.956   107.538   881.315   1632.55   9807.57   74.87     
0.172624  2.13747   89691     761.834   96.2351   929.888   1211.96   11243.2   145.424   
0.154672  1070.56   80713.5   796.06    98.8006   972.171   1488.35   12860.7   113.323   
0.119643  319.336   87392.2   815.87    92.3716   931.167   1330.06   10733.9   41.6379   
0.151461  14.4163   90033.5   767.29    82.3123   894.763   1226.4    9920.59   73.9342   
0.121498  763.727   82717.6   750.255   94.2183   856.927   1661.39   11062.5   32.7902   
0.163454  126.115   82353.4   773.119   81.3814   920.474   1131.49   12285.3   132.716   
0.112753  5.88059   85031.6   819.053   84.4863   1006.59   1644.82   12649.3   57.4722   
0.12075   28.7763   98330     767.643   91.7079   899.421   1286.11   11137.5   52.0761   
0.191267  701.326   107702    803.279   84.1649   918.131   1419.22   11758.6   107.77    
0.154614  3356.53   91076.2   741.271   93.2496   938.629   1232.38   12811.5   152.058   
0.144506  412.947   99458.5   792.679   93.3955   978.126   1129.52   12407.6   132.345   
0.199626  569.242   91220     803.005   87.2001   949.896   1418.47   11966.8   152.8     
0.12768   96.556    97078.5   807.347   83.9215   1000.95   1352.02   12665.5   92.3274   
0.136693  123.994   88676.1   715.514   82.9535   869.729   1411.77   11998.3   76.4369   
0.156103  1620.98   97344.9   807.799   107.049   986.33    1292.43   12498.7   130.839   
0.183994  136.004   83164.4   786.187   92.6237   917.551   1613.33   10099.7   86.8047   
0.133926  21.364    81874.4   799.54    81.9845   998.084   1564.96   10054     71.6179   
0.179911  6060.46   81611.8   736.797   83.2853   912.903   1622.14   12837.7   139.484   
0.105905  2.39387   92632.4   747.007   101.208   856.398   1237.49   11162.6   34.7146   
0.197088  66.3728   94508.2   727.468   105.91    858.837   1318.5    11752.9   141.551   
0.135406  2802.12   86729.7   738.353   97.7357   912.846   1329.88   11525.1   86.404    
0.117751  444.509   79093.9   763.328   86.4063   867.833   1130.64   11632     46.5155   
0.199926  277.196   107405    783.566   93.0643   967.248   1156.78   12648.3   247.979   
0.147935  110.997   82362.8   720.081   80.6899   896.924   1369.58   12652.5   111.397   
0.110968  1703.34   84537.4   753.765   105.277   919.665   1272.68   12166.2   61.0221   
0.197125  39.9701   92834.7   727.15    86.9973   900.759   1657.53   12599.9   159.665   
0.161824  739.106   70884.3   749.657   86.1999   880.815   1366.24   10199.1   79.7867   
0.176236  1094.11   93355.8   765.57    83.5422   937.39    1396.04   10509.5   124.685   
0.179741  15.8877   100274    707.051   80.5658   823.788   1611.5    11113.8   81.2083   
0.105613  1.54645   96607.2   784.501   80.0647   971.056   1433.1    10562.3   48.1148   
0.108872  36.9661   85447.6   715.651   75.87     846.015   1151.02   10497.8   44.0917   
0.165044  150.527   77052     792.569   87.547    930.464   1289.2    9844.87   89.3889   
0.159835  1845.78   95593.7   809.599   97.4809   975.841   1226.05   10809.3   116.372   
0.124842  80.9514   99190.5   774.534   84.2563   905.016   1219.4    9743.8    50.8081   
0.187576  8.12292   96569.8   707.983   99.4076   872.645   1671.23   10382     112.601   
0.16094   31.8613   81081.1   746.075   95.9736   898.808   1142.44   12301     132.798   
0.112244  41.6827   92132.8   756.475   101.587   900.58    1605.9    11885.2   42.0982   
0.179228  142.124   82097.8   772.519   89.9336   907.448   1451.08   10674.3   99.2932   
0.156622  241.655   91025.6   717.296   79.7773   835.328   1561.98   12797.3   73.8404   
0.198061  66.9231   103228    756.813   88.5601   938.704   1158.4    11917.4   227.589   
0.159027  250.429   105965    732.848   90.2814   911.401   1361.89   9555.23   98.8149   
0.111337  1042.13   75969.7   748.164   87.4083   871.747   1310.05   11763.6   42.9648   
0.160662  173.076   88971.5   748.274   89.0683   856.868   1621.2    10235.2   55.2431   
0.126232  3.25419   69172.6   803.719   71.5826   965.521   1306.93   12213.4   75.4373   
0.172762  9.81971   81426.8   711.178   102.027   873.944   1206.47   12106.9   152.25    
0.171132  19.6149   93849.4   743.205   86.4699   913.777   1544.67   12715.2   128.334   
0.155377  16.1805   70770.8   752.447   82.5495   948.22    1584.93   12760.6   118.895   
0.126159  1233.58   91667     730.762   93.198    919.253   1291.71   11452     82.981    
0.171854  137.258   85260.8   728.61    66.9429   866.321   1374.97   12237.9   112.249   
0.17106   59.398    77994.2   806.803   75.0168   984.643   1212.24   12080.6   161.087   
0.139593  1867.71   83783.4   714.817   76.4518   828.882   1471.84   12023.3   56.4824   
0.185063  64.3201   85172.1   718.777   99.6501   904.167   1198.3    11541.7   190.278   
0.195915  66.0723   95831.2   739.479   100.367   917.185   1628.86   11584.5   151.201   
0.187694  134.649   83267.7   754.703   95.179    926.192   1295.3    12245.5   177.387   
0.168151  519.406   81879.5   795.582   85.1434   991.401   1617.92   11452.6   121.973   
0.13821   1150.67   90680.6   739.011   89.9072   852.128   1191.3    10888.5   61.5047   
0.172505  99.7899   74261.8   782.817   82.4271   891.473   1351.47   10083.3   75.1437   
0.13415   79.8215   98570.8   766.534   97.0094   882.745   1668.51   12033.6   47.1833   
0.109805  160.127   83356.6   748.622   78.028    852.959   1677.38   11607.5   27.2429   
0.176305  8051.45   78983.7   768.312   87.3475   953.29    1637.91   10992.6   119.694   
0.127286  55.2752   102348    712.821   92.7836   910.689   1547.23   12888.1   83.522    
0.182127  249.378   91349.6   765.675   102.634   937.865   1487.25   11506.8   137.584   
0.112114  417.693   81975.3   815.405   83.0283   954.546   1522.15   12127.7   43.5606   
0.128038  24.7905   91272.3   756.274   95.4477   936.482   1609.03   12318     70.8064   
0.114654  1016.46   86605.3   754.28    81.8417   907.574   1336.79   10831.3   50.9922   
0.185379  3026.75   100798    754.052   90.1928   864.809   1492.96   11181.7   88.3336   
0.132599  13.6491   80406.7   714.224   73.5901   907.17    1342.51   11152.2   88.1279   
0.111095  122.168   106900    814.149   105.242   926.012   1156.36   12352.7   46.1303   
0.163616  742.587   84442.2   805.325   92.9052   993.98    1553.94   10551.1   106.848   
0.181002  148.44    97967.2   746.592   89.6543   850.523   1394.99   12014.1   91.1625   
0.185626  193.623   93485.9   813.479   84.1321   958.815   1432.3    9942.13   108.137   
0.108416  1585.85   85650.8   781.713   86.855    948.956   1358.76   12218.5   55.2113   
0.129363  729.208   88596.3   785.602   89.8486   900.368   1393.23   9601.94   41.3538   
0.137664  30.2092   96123.8   731.261   95.9229   896.606   1547.35   10850.1   68.7713   
0.14589   4.55009   88603.7   713.579   88.3539   835.074   1295.65   10778.7   67.3507   
0.153913  50.2576   90810.5   813.36    79.1728   964.909   1121      10292.7   102.739   
0.137249  117.056   86643.8   759.305   84.6622   956.133   1483.31   10577     82.6155   
0.150183  1.97917   96786.9   759.284   95.6707   880.708   1131.1    12910.7   97.8683   
0.15374   344.894   92498.9   791.288   81.1421   945.438   1431.77   10466.6   82.9938   
0.153739  215.409   79612.7   748.769   85.0878   896.62    1590.19   10941.2   75.0172   
0.150142  12337.6   99283.5   785.555   107.989   969.97    1519.91   12063.6   102.696   
0.16016   2902.79   91764.6   754.326   96.2408   873.899   1603.86   10708.8   63.7809   
0.112619  14.6188   76894.5   791.003   74.1961   899.221   1663.05   12259.1   31.6881   
0.102     10.6059   83659.7   709.222   78.4917   853.766   1247.49   9621.71   36.3522   
0.145289  11.1651   93645.1   759.21    79.9789   956.088   1476.92   10823.1   95.2764   
0.175836  5350.75   89624.7   716.406   79.5033   881.232   1580.99   10828.7   108.169   
0.115166  1619.62   99040.9   778.553   99.5725   967.738   1140.84   12263.4   84.1609   
0.193822  522.043   98673.9   714.171   102.489   823.914   1523.96   12662.5   106.337   
0.183774  109.79    87206.7   744.854   99.1922   853.825   1185.17   11883.5   114.677   
0.176247  110.303   96599.3   703.01    78.2319   827.533   1318.76   10053.1   91.7399   
0.190066  86.6891   97582.3   703.765   87.6547   897.544   1446.22   11547.5   173.845   
0.125036  3.45346   93604.7   740.946   86.0394   938.536   1243.9    12202.9   94.9252   
0.193241  281.788   104463    818.972   94.5586   968.219   1569.42   11861.4   130.903   
0.119712  0.557718  81065.2   794.594   82.2002   934.345   1454.58   10531.8   45.5123   
0.197334  1355.62   98724.1   736.226   98.7094   837.248   1520.02   11338.9   91.0071   
0.121106  106.006   76455.6   806.604   87.1203   942.509   1277.91   11906     58.0329   
0.124034  5.78717   69602.1   769.943   64.614    902.708   1179.93   9705.12   52.5806   
0.186564  524.437   87519.8   719.124   85.6492   875.186   1177.72   11500.6   164.054   
0.109225  128.145   90974.2   716.123   91.6391   878.899   1245.88   10326.1   50.3724   
0.175624  117.539   86592     801.216   62.6545   973.34    1523.62   10542     114.135   
0.11808   2858.84   96229.9   763.507   83.643    888.303   1212.83   10004     44.7789   
0.125813  284.37    72420.7   788.186   73.4436   893.913   1644.17   10917.2   34.7182   
0.113011  27.3398   78609     759.651   79.0094   922.471   1533.35   9722.6    41.3067   
0.122528  5.9173    94667.4   754.766   95.2052   918.776   1314.64   11410.5   66.9632   
0.147281  72.5194   85342.9   807.821   104.99    1003.77   1627.93   11190     91.3842   
0.197559  8364.27   87130.3   728.857   82.2777   832.085   1678.66   12503.3   92.5324   
0.147903  123.974   80997.9   712.84    89.0301   816.337   1297.68   9578.03   52.1789   
0.132046  229.37    89237.7   741.067   87.834    926.966   1363.12   12195.4   90.5038   
0.157357  105.842   99413.9   740.709   91.8225   904.823   1293.11   10594.7   103.85    
0.111608  11.4412   79688.9   721.996   77.6578   901.819   1495.49   11508.4   53.9983   
0.140892  383.914   90973.7   748.032   85.5164   918.854   1605.69   11605     76.4844   
0.109394  51.9455   99943.3   762.809   92.2594   947.857   1438.86   11745.6   56.6054   
0.150023  40.3561   89068.6   813.872   93.7637   1009.34   1301.4    11130     117.528   
0.193396  1091.34   103620    730.798   106.422   869.94    1338.72   12137.3   146.216   
0.140071  179.497   87682.3   761.155   83.091    884.282   1464.15   9754.51   50.2786   
0.159222  0.717895  87788.8   739.485   83.0079   934.954   1452.79   10163.8   108.74    
0.169248  66.4356   79931.6   757.442   84.9024   913.923   1352.2    12563.4   129.62    
0.123304  1.90134   78300.7   713.859   81.832    911.809   1447.29   11387.1   74.2422   
0.146907  448.972   98114.8   706.755   75.516    848.341   1606.9    12993.7   76.9112   
0.198355  831.241   94933.9   812.471   88.7274   915.093   1644.69   10015.2   76.3801   
0.143578  567.604   83214.4   758.6     93.4093   937.876   1551.17   11120.2   82.6916   
0.103812  1418.04   85076.9   776.559   82.3198   938.895   1416.97   11383.7   43.9347   
0.183152  3.46079   85415.8   764.716   89.3781   953.491   1523.94   10762.1   139.945   
0.12092   5.40458   82607.9   723.855   99.0398   886.135   1607.13   10445     48.3592   
0.153846  1364.63   94604.9   713.961   104.775   883.959   1530.72   11914.5   97.6074   
0.178201  21.7519   91235.4   749.809   98.4518   864.569   1224.05   10211.9   94.9003   
0.108913  356.386   88244.4   788.342   84.3337   941.846   1378.33   9534.11   39.4136   
0.192386  365.915   78821.2   708.174   86.8215   894.227   1638.97   12258.9   159.887   
0.146749  165.99    97395.1   780.751   83.7871   975.043   1589.19   12586.1   103.365   
0.152835  10.3966   89032.2   719.71    108.427   880.859   1426.75   12796.7   105.635   
0.147202  3263.62   105976    736.031   105.418   847.4     1432.23   10757.2   56.5041   
0.191563  130.563   83468     705.126   84.8172   876.142   1565.87   10646.4   132.771   
0.143381  416.404   101494    724.488   94.4281   850.589   1217.97   11293     74.9106   
0.124949  4199.73   74868.2   704.495   64.8943   842.565   1318.61   10501.1   53.3973   
0.154563  22.3734   102030    789.725   105.324   914.299   1392.78   9582.76   64.0784   
0.198479  10185.2   77077.1   788.774   85.9209   978.775   1401.28   11732     192.852   
0.183441  97.7993   80404.3   742.686   93.4212   870.745   1434.72   10216.7   95.6333   
0.135817  604.375   83460     730.557   76.1235   876.448   1670.07   12489.9   62.7504   
0.158678  22.7891   92379.9   713.537   98.7813   818.709   1423.37   12715     73.8979   
0.135805  16.9054   76559.3   747.164   86.629    941.706   1410.89   10336     82.2666   
0.138456  15.1409   85208     807.274   84.4201   915.859   1613.49   9500.43   38.3845   
0.175978  80.4445   83295.4   810.093   93.0211   953.702   1405.04   10848.1   107.03    
0.127265  83.8919   75359.5   801.068   87.8086   920.339   1167.72   11524.9   59.5444   
0.121031  248.66    78151.4   732.902   80.3854   928.836   1598.44   9514.79   53.4519   
0.113959  578.876   94705.8   794.746   87.9884   985.311   1173.45   11483     75.6147   
0.112716  39.7665   68930.5   757.153   75.3996   938.857   1184.42   12372.6   75.3701   
0.166445  31.9343   98313.8   763.99    90.1922   951.302   1465.12   10705.9   118.427   
0.130684  1446.06   83833.3   714.107   97.1323   824.318   1497.31   10029.9   39.3939   
0.118103  266.733   86047     754.451   90.9434   952.415   1522.02   9951.33   56.4988   
0.15868   1149.09   78252.1   726.646   87.6997   866.674   1348.8    12114.9   98.3616   
0.101393  3838.96   94283     736.506   85.8655   850.664   1582.08   9942      23.078    
0.154545  28.5746   88441.1   720.296   89.5299   824.303   1162.44   10051     67.0735   
0.106247  139.688   96465.8   716.258   102.174   874.958   1647.06   10878.7   37.0754   
0.184957  32.4972   84167.2   703.779   91.8049   882.321   1594.34   12213.9   145.92    
0.13646   3.19946   82276.7   725.25    86.5609   911.271   1638.15   10950.1   72.5771   
0.188908  327.331   83899.7   802.425   91.2339   911.517   1327.87   11811.3   107.394   
0.168112  80.9753   96423.1   744.953   67.3871   938.251   1460.71   11653.8   135.523   
0.19661   73.5038   96155.4   775.959   102.357   926.492   1414.98   9689.46   124.229   
0.148446  53.4059   76151.6   743.353   85.8118   931.433   1614.1    10514.3   84.3999   
0.126994  411.711   86258.2   748.73    88.7453   853.304   1441      11970.8   43.7481   
0.110784  5726.34   89715.1   718.738   91.8477   904.14    1545.47   10780     49.6123   
0.179616  796.571   100112    790.964   91.6569   966.846   1177.22   12185.8   181.744   
0.108803  6.93534   97605.4   742.457   95.1149   901.211   1608.83   9871.01   36.1676   
0.103932  14.3653   97685.5   770.502   92.8479   896.508   1204.99   10640.5   37.6637   
0.151495  39.6482   94791.7   731.976   99.2811   887.654   1622.61   10359.4   71.3693   
0.185334  3847.78   79539     704.799   84.0787   847.687   1220.52   10031.3   124.644   
0.100873  11729.2   89227.9   804.027   95.303    973.561   1143.86   11027.1   51.9331   
0.171548  1346.88   79691     793.294   96.8977   975.016   1592.92   10870.9   113.599   
0.105353  499.044   96403.4   745.198   86.4056   887.092   1205.32   9759.99   39.8882   
0.141854  473.191   109099    708.469   84.7763   827.208   1536.92   11070.3   53.6939   
0.108259  14575.1   79936     755.233   91.4668   870.23    1374.85   9670.09   29.6236   
0.191165  1617.58   88439     783.994   94.4686   924.59    1415.34   11904.9   133.8     
0.130499  6.73494   91225.2   749.32    78.232    929.703   1569.98   10725.8   65.7388   
0.165703  262.824   89897.3   819.645   83.82     953.353   1470.75   9555.26   74.349    
0.19543   11018.7   85347.5   765.793   79.2835   887.853   1448.3    10132.8   100.609   
0.135986  4117.6    60330     742.63    82.0331   865.917   1656.59   10530.4   45.194    
0.188931  165.598   75611.5   762.528   82.5377   863.999   1281.72   10596.9   92.95     
0.155611  1051.18   87921.3   719.938   74.8675   855.558   1250.17   12400.5   100.906   
0.168222  108.777   83662.3   774.142   96.3562   880.67    1125.63   10031.8   83.694    
0.152134  341.867   72317.3   726.38    74.5726   873.244   1326.08   12827.8   102.116   
0.176645  93.3038   70743.4   744.398   93.9658   877.007   1542.97   11215.5   93.7802   
0.100923  39.4953   86762.5   765.399   85.4577   884.905   1213.31   11759.4   36.9352   
0.166739  159.069   95478.8   792.148   103.468   982.244   1509.13   11912.9   130.118   
0.138977  1169.23   88645.2   758.184   97.9306   903.458   1190.87   10574.4   77.6589   
0.108471  64.5804   89473.5   725.713   94.4541   868.761   1659.63   11657.8   37.0385   
0.179068  6.20245   80089.7   724.164   97.6667   858.867   1648.89   10167.4   83.373    
0.148774  557.432   93659.4   803.956   75.1557   1002.9    1643.84   9994.86   83.4937   
0.110897  111.622   84276     789.409   85.3604   982.453   1286.63   11706.7   67.5547   
0.191888  77.8116   90608.5   717.717   95.4825   883.865   1377.51   11836.8   163.522   
0.193358  2835.72   82325.1   756.811   85.1966   916.794   1262.33   10626.1   155.421   
0.120914  211.387   92216.2   792.398   81.6826   900.324   1458.23   12059.4   40.7696   
0.156821  70.2258   81025.9   735.702   88.3348   891.417   1155.99   12971.7   133.723   
0.180228  10.7757   83784.8   750.73    109.21    911.514   1315.93   11309.5   140.274   
0.18187   662.282   82449.5   702.574   88.9093   855.934   1198.29   11237.8   147.342   
0.144021  29.0595   92050.4   789.34    93.2313   983.176   1148.33   12735.7   139.174   
0.19695   663.462   101160    807.009   93.92     985.79    1637.03   11715.2   154.06    
0.119549  314.91    102511    770.037   103.63    961.9     1525.23   10287.7   57.8933   
0.133506  132.209   104917    768.558   95.3372   964.569   1439.88   10565.2   80.1557   
0.191989  304.776   86828     805.705   84.7466   998.182   1264.5    12464.5   216.284   
0.196578  304.783   86484.3   733.896   93.8987   889.369   1443.05   12712.4   164.086   
0.153361  1123.2    105010    719.761   100.153   864.922   1564.43   10339.8   70.4037   
0.126498  106.588   74921.4   751.788   95.0812   931.887   1229.47   11000.4   80.5965   
0.14912   409.746   82713.1   748.802   87.0886   857.477   1243.22   12641.2   76.4097   
0.179893  1100.25   89132.8   810.828   94.0991   936.742   1338.49   12212.8   115.225   
0.122886  653.354   101400    727.037   95.6102   851.257   1291.57   12371.9   56.0866   
0.170793  610.8     94104.7   796.074   84.5375   909.397   1591.15   12868     83.0375   
0.178335  41702.8   92742.4   750.767   89.834    885.285   1259.87   11912.9   124.506   
0.125149  13.6869   82306.8   757.072   84.2522   876.314   1358.54   11466.2   49.3379   
0.137973  3537.89   70655     719.654   93.892    829.642   1242.59   9733.82   51.1146   
0.16029   319.108   92956.8   716.713   91.2154   910.015   1533.47   11574     116.819   
0.140385  139.454   93367.4   767.172   71.2934   949.817   1343.57   9977.19   83.3829   
0.133046  2559.22   87645.5   818.357   87.4399   933.802   1317.59   11802.1   56.9953   
0.151812  16.1449   85107.7   774.841   93.8082   942.835   1454.52   12166.1   101.253   
0.159025  17.0609   88502.8   778.068   85.6378   964.88    1296.57   11677.7   132.847   
0.125303  235.01    81924     794.346   66.5314   904.011   1312.57   11813.7   48.2995   
0.119755  516.546   98909.1   765.33    89.1709   889.46    1446.46   9770.29   37.605    
0.156354  40.8179   82845.5   754.873   74.8039   902.888   1145.04   11833.6   116.386   
0.179575  37.0167   84426.2   775.007   82.1649   919.58    1438.98   10028.7   101.337   
0.192872  20.237    87317.4   750.841   89.9147   882.053   1223.01   10761.9   133.799   
0.102627  147.711   86981.5   730.467   88.5445   883.563   1417.96   12641.4   44.9875   
0.139287  36.8468   93805.9   779.478   87.5914   884.268   1494.77   10595.9   45.0772   
0.135212  4.25349   77962.7   717.918   89.4344   831.776   1277.01   12590.4   64.2517   
0.110787  873.788   87326.4   761.675   88.9916   958.481   1507.6    11721.4   58.7184   
0.170811  36.058    87659.8   742.942   78.2134   920.891   1595.13   12072.8   122.522   
0.179168  51.9473   87532.9   762.263   76.667    907.012   1291.48   11749     131.38    
0.111369  574.303   89069.9   769.736   91.7491   910.99    1126.3    11066.2   53.7731   
0.168732  19.124    103096    745.535   88.652    928.801   1264.21   12236.8   157.503   
0.184774  20.7109   81098.8   809.359   98.6499   965.4     1307.97   10080.5   128.181   
0.184355  799.107   108048    792.395   88.973    918.91    1206.01   11248     124.134   
0.117246  3184.46   99468     731.264   115.337   842.181   1516.82   11184.3   35.1622   
0.125765  854.187   91554.5   762.359   83.2247   931.499   1315.81   10806.8   68.5541   
0.106612  310.009   101838    772.387   95.9476   965.534   1481.78   11328.3   52.537    
0.121626  1020.17   97042.9   796.784   94.6434   993.882   1380.52   10383.9   68.5329   
0.141698  249.514   92599     810.418   89.6731   971.873   1346.26   9856.06   74.1056   
0.195755  677.464   80605.1   768.581   76.0945   930.832   1230.08   11491.9   179.046   
0.192106  42.0637   97520     818.894   89.3537   944.379   1392.5    10434.8   108.118   
0.103616  106.632   78510.7   705.492   88.9375   817.535   1643.77   10977     25.1661   
0.183451  154.596   90112     712.341   93.9515   821.184   1389.39   12919.2   105.816   
0.159673  468.049   88993.5   751.849   96.9142   927.583   1335.29   9784.46   102.353   
0.168045  92.6244   88317.6   776.753   85.9477   938.896   1395.28   9756.63   99.8614   
0.169617  197.336   89933.8   816.457   87.5313   969.167   1130.42   12922.2   155.715   
0.116505  2065.01   70779.6   766.055   66.4366   929.878   1249.68   10432.4   57.8347   
0.127748  936.272   82820.4   811.766   86.8765   970.361   1367.5    11003.1   64.9866   
0.146883  1258.8    90503.6   800.208   87.9241   966.866   1537.54   12331.2   89.7921   
0.128052  3038.23   77218     808.031   89.7275   929.71    1636.85   11186.1   42.5678   
0.122121  384.691   95160.4   799.339   85.9604   924.209   1273.58   12644.7   57.6854   
0.196735  8.04838   76209.2   721.036   87.4485   866.345   1441.63   11787.6   143.505   
0.125122  140.06    87339.9   758.387   83.7817   954.866   1292.65   12610.8   93.6744   
0.162877  157.348   101158    769.27    98.8508   968.655   1674.54   12022.1   118.517   
0.114187  968.907   71369.4   765.033   86.4047   962.23    1156.82   11573.4   80.2637   
0.172886  62.0633   90620.5   740.152   72.8988   894.564   1133.2    9954.66   126.034   
0.114163  326.773   90080.5   709.682   84.1535   894.711   1548.67   11092.3   54.0242   
0.139427  315.077   87498.6   771.061   90.5352   960.478   1612.25   9780.15   69.8223   
0.130822  408.258   83659.9   763.286   81.5822   868.994   1439.83   9933.01   38.982    
0.169117  403.567   103715    799.13    104.194   919.77    1559.03   12476.6   86.0123   
0.145853  1919.83   82819.9   708.913   77.8476   904.707   1287.45   12508.6   125.55    
0.193119  286.546   89044.8   809.849   92.1948   977.684   1591.86   12882.7   157.26    
0.148519  35.7139   87029.7   729.922   80.4712   899.976   1156.27   11084.1   112.156   
0.179632  494.878   93378.3   729.81    96.247    877.385   1329.24   12869.8   143.003   
0.128851  1475.59   82921.3   730.616   89.8084   850.346   1649.8    12432.2   46.7548   
0.132533  14.7602   94597.7   747.142   83.612    939.245   1246.74   12015.5   101.678   
0.126072  75.6911   97830.3   776.436   79.0936   950.095   1461.15   10107.9   59.7195   
0.157367  15555.5   88811.4   768.076   90.2866   877.136   1478      12094.3   68.544    
0.169258  65.113    102935    719.599   86.8631   899.46    1236.41   9524.8    123.766   
0.118508  16.4664   79596.5   700.798   94.1926   811.005   1200.69   11882.8   47.947    
0.139775  631.163   96830.1   703.227   94.3423   838.883   1219.3    9860.99   66.8652   
0.192735  425.476   79404.5   714.119   80.3319   818.923   1380.14   12850.8   112.023   
0.159333  112.83    89191.1   793.46    88.1098   958.67    1466.02   11713.2   104.487   
0.162699  252.25    87722.6   723.367   96.3845   873.562   1193.05   9605.8    99.7546   
0.173318  160.066   99819     811.331   104.585   955.094   1461.67   9934.08   91.5959   
0.143821  244.193   81874.1   809.518   67.8743   991.423   1492.93   9762.73   76.73     
0.158816  845.355   92994.2   774.184   101.138   918.504   1351.85   10273.7   86.2074   
0.101251  192.37    86597.7   797.2     89.7633   909.719   1149.21   12533.2   39.3364   
0.15865   83.0456   97421.4   727.81    101.457   924.457   1246.81   11110.3   137.608   
0.106967  17.7921   103646    726.299   106.145   845.634   1229.56   11423.6   39.7521   
0.119236  34.7231   81204.6   713.816   83.0782   850.153   1486.92   11631.3   47.4539   
0.182503  739.886   81240.3   750.932   85.0733   934.412   1484.93   10948     139.871   
0.168857  39.2212   98461     700.38    93.3541   894.626   1313.16   11687.5   153.722   
0.100256  19.0751   92221.3   791.207   76.7311   959.64    1668.58   10466.8   33.2912   
0.119204  157.203   77432.9   716.961   74.3415   837.046   1255.52   11338.6   48.1138   
0.145204  16.2377   104552    717.471   109.292   860.128   1597.16   9636.94   56.859    
0.151246  28.042    61158.9   723.918   88.457    860.867   1275.14   9729.69   74.7103   
0.12517   3107.18   79893.2   789.208   92.0654   943.456   1479.37   10970.5   55.9439   
0.188669  6.5118    97378.4   705.157   95.3865   820.989   1654.35   9531.99   74.3505   
0.172772  175.098   92666.7   790.46    88.3157   926.657   1326.46   11261.7   107.368   
0.152492  2133.7    93322.7   768.099   93.6254   881.048   1227.01   11101     73.8595   
0.102539  12.8457   96274.5   736.836   77.0279   892.084   1242.92   10618.5   43.6869   
0.141633  14.326    79813.3   778.055   91.8673   959.868   1301.4    11407.9   99.9956   
0.109965  71.7844   86090.2   808.864   104.365   972.005   1407.69   10705.7   46.9995   
0.171454  153.664   105756    801.832   96.634    968.516   1173.57   11154.8   144.89    
0.109137  15.7162   97176.6   814.189   93.2444   1004.87   1316.77   9631.69   52.0681   
0.182186  3.02117   93602.8   797.353   89.214    927.13    1153.63   9903.66   115.654   
0.198478  35.7151   78645.7   723.11    85.2479   864.393   1527.51   12687.3   143.792   
0.107183  115.855   115984    774.375   84.5772   910.793   1508.02   9740.59   31.7043   
0.139602  70.6668   94863.2   708.503   88.847    816.841   1361.38   11941.1   57.8346   
0.152662  152.123   106932    806.531   86.301    966.248   1302.82   11007.6   98.0307   
0.125883  284.52    99988.3   713.248   101.53    861.493   1291.57   9932.14   56.4909   
0.134208  507.344   72900.4   711.033   80.7853   816.547   1555.87   11192.3   42.6678   
0.1275    0.874076  93486.5   736.914   70.6702   917.575   1537.5    12518.3   74.9862   
0.141147  217.31    81922.6   718.832   73.9097   862.994   1474.57   12778.1   77.5227   
0.168963  32.7679   86911.4   794.21    74.2553   964.365   1300.51   11518.8   133.965   
0.126026  15.3761   91037.8   817.647   94.8167   932.075   1426.52   12631.4   50.3763   
0.181281  673.42    78857.3   783.803   77.3363   909.52    1665.01   11214.5   86.4023   
0.105232  51.1717   75877.7   780.921   76.2871   922.584   1595.43   12253.5   37.7212   
0.166551  459.647   75937.5   754.76    81.0904   920.47    1258.17   11824.9   134.014   
0.116451  28.0649   82192.6   764.272   76.2564   949.088   1625.21   12810.9   61.8271   
0.134765  165.799   95293.5   765.919   86.3712   868.361   1491.32   11388.1   44.38     
0.1891    38.3992   78332.8   738.172   91.2366   855.534   1619.67   10061.5   81.3758   
0.159485  81.1529   101794    736.873   100.249   865.513   1641.46   11912.2   74.1719   
0.19403   3185.74   86904.2   751.725   81.5964   892.057   1386.53   12118.2   142.276   
0.155805  236077    84571.8   742.223   104.424   862.104   1307.76   11399.2   78.5579   
0.141305  89.2426   87546.7   733.797   90.3044   886.056   1637.53   12938.3   75.04     
0.153279  60.2125   89280.1   812.318   86.9854   995.882   1223.21   11975.5   131.606   
0.176622  1112.35   70540.3   722.135   84.3833   828.413   1298.65   11243.3   88.9279   
0.181788  13.7256   81418.9   799.777   74.8608   954.719   1541.68   11960.3   123.877   
0.178989  1054.33   99835.6   744.827   91.6328   845.182   1369.19   11926.9   86.8351   
0.155288  152.775   76830.4   753.252   88.2494   894.319   1568.32   11791.8   79.7863   
0.145747  21.909    98715.7   746.435   88.2634   860.645   1624.26   10346.8   48.3656   
0.189282  411.818   85444.5   785.342   95.1146   921.289   1170.27   11979.5   154.347   
0.147545  512.906   91988.4   765.764   86.2898   908.493   1426.98   9509.21   64.6047   
0.105478  36.0037   96049.8   786.361   102.171   937.67    1335.55   9536.79   37.6785   
0.181394  249.353   86706.6   806.89    89.0995   937.475   1304.55   12277.4   125.463   
0.127974  67.6278   92345.9   711.651   95.6663   836.242   1330.66   10647.9   51.0755   
0.108761  1084.48   83639.7   745.223   79.4392   847.685   1482.51   9516.02   24.3336   
0.118125  140.831   75667.4   808.545   74.4164   908.882   1308.65   12237.2   40.8762   
0.144692  235.454   79021.3   810.905   83.5452   980.132   1646.25   9532.87   64.1074   
0.148506  48.4281   76130.1   772.085   98.654    971.986   1679.54   10127.3   83.1879   
0.104139  5.17385   102997    709.84    81.7684   825.391   1433.92   11464.3   31.4105   
0.198314  84.5674   94660.7   755.812   90.3825   934.48    1130.34   12121.9   233.434   
0.192172  18.7335   88675.9   725.738   84.3867   878.816   1599.26   12926.2   142.394   
0.118497  341.801   93190.5   815.121   97.3996   961.639   1167.06   12621.7   69.4692   
0.191502  41.7636   85827.7   714.709   90.9313   854.997   1171.22   10875.8   148.587   
0.156113  81.7859   99172.3   701.952   92.3006   880.681   1137.67   12418.8   148.04    
0.183301  8.23812   90360.5   741.381   84.452    847.365   1124.99   10300.7   101.726   
0.169688  119.926   85269.7   716.884   78.2616   818.515   1213.92   10118.9   75.8693   
0.17616   100.261   86321.7   714.968   66.0369   826.384   1368.64   9740.48   76.4928   
0.116368  152.34    79636.5   817.712   78.2642   977.432   1563.02   12343.1   53.3959   
0.16076   97.2489   79304.9   782.987   92.1884   927.508   1535.58   10760.5   81.7095   
0.164922  1041.02   95452.6   728.096   94.9255   837.837   1436.69   12514.3   80.7975   
0.187466  5082.41   91793.9   791.669   88.4382   983.283   1676.3    9781.87   122.006   
0.138401  269.147   90291.9   710.827   93.9677   909.235   1208.73   11226     110.098   
0.17069   1082.39   73271.2   766.894   75.2042   936.419   1347.26   11665     132.403   
0.166117  0.332015  91215.5   765.01    72.2074   876.959   1561.88   11490     71.3261   
0.11305   210.054   71769.5   785.819   92.1797   937.196   1252.67   9748.02   47.1049   
0.119553  2351.35   94641     773.33    96.2999   941.242   1221.7    10306.4   63.2133   
0.177892  55.1338   86806.9   766.155   95.9499   929.747   1496.85   12248.8   132.064   
0.10182   3.1139    103292    740.94    88.2694   887.567   1346.22   12338.4   43.6887   
0.148628  10.7558   78223.8   764.606   87.0859   883.943   1395.95   9654.46   57.0627   
0.164867  2.95831   89014.1   757.854   74.314    884.943   1263.37   10083.3   86.2519   
0.166005  33.44     91913.1   709.475   82.2888   819.273   1630.13   12388.1   71.7529   
0.17767   13.7834   88924.5   797.239   93.5435   957.992   1353.61   11300.3   132.275   
0.111048  299.251   93085.9   754.081   84.5722   915.738   1288.7    12066.4   58.3253   
0.146491  543.307   79000.3   751.076   89.406    889.447   1145.27   9570.1    77.3135   
0.162708  49.9776   90457.5   730.605   94.151    917.525   1526.79   12939.3   130.856   
0.148792  22.5176   92288.8   708.561   82.4652   832.281   1136.56   10503     79.026    
0.120217  427.736   111003    710.582   97.4313   850.741   1530.5    11681.2   48.3451   
0.103096  97.3938   96587.7   756.352   90.0292   874.521   1485.18   11663.5   30.8896   
0.136684  1875.55   104749    813.757   81.9644   969.735   1646.82   12269.4   67.6588   
0.106552  1584.62   92938.9   744.819   82.3341   846.816   1216.04   11096.5   32.9976   
0.154737  74.06     92094.8   755.971   100.243   913.728   1245.67   12674.2   119.838   
0.154638  630.114   93258     776.305   88.506    920.971   1302.53   11459.2   94.6766   
0.150861  178.111   82528.6   720.211   91.3016   880.675   1596.39   12832.1   91.5727   
0.147662  14.5394   93879.6   707.747   89.0478   872.667   1276.43   11621.6   102.332   
0.13826   27.648    95013.3   713.516   85.8908   841.804   1197.83   12988.9   83.0112   
0.131537  87.5888   90355.3   736.69    100.328   841.763   1516.68   10233.4   38.3902   
0.103766  8.81613   75937.2   794.845   84.5309   992.993   1227.94   11626.1   63.2904   
0.120276  50.7637   93138.2   799.356   80.2548   968.753   1425.53   12353.9   66.4036   
0.134547  11.7096   97965.1   774.368   100.491   906.453   1269.97   11946.3   70.3966   
0.193401  13.8295   87705.5   746.303   82.5489   940.425   1617.07   12237.5   171.37    
0.151     83.4629   92132.3   803.526   99.8011   998.35    1595.67   11527.4   100.294   
0.159593  206.224   96261.5   813.134   93.7806   997.275   1250.74   10088.5   117.921   
0.100805  12.8565   71846.8   805.964   86.1273   925.738   1594.17   12109.7   28.982    
0.163898  241.405   98313.7   761.91    101.714   915.021   1435.25   12683.8   113.224   
0.136823  4.00319   86811.9   780.204   97.6307   960.904   1305.59   10711.9   86.9621   
0.115577  3372.53   89222.5   784.775   87.4475   914.911   1509.11   11496.4   41.3552   
0.126727  568.883   93456.4   753.975   98.835    951.853   1330.29   11362.1   84.7742   
0.186269  247.71    88747     708.93    97.9259   825.592   1630.6    10120     78.301    
0.151599  98.0437   94310.8   746.603   91.0172   916.062   1302.76   11576.3   107.936   
0.19726   255.724   107657    795.925   110.205   957.215   1485.46   11174.8   146.926   
0.129028  22.5702   97125.2   808.944   86.7393   910.122   1480.16   10123.3   36.0702   
0.144841  20.0269   76791.3   746.227   75.8037   888.601   1389.65   12141.7   81.5003   
0.117785  36.7193   92439.4   818.977   97.2775   999.38    1544.43   12279.9   62.314    
0.115609  74.1906   98471.5   766.611   101.904   918.977   1592.9    9950.51   39.8591   
0.179632  52.2129   79560.5   732.686   92.9232   920.64    1281.78   9880.35   145.76    
0.199749  194.57    84758.9   765.873   86.0278   911.919   1522.58   12477.8   148.087   
0.194495  70.3419   91603.4   704.649   86.5436   872.86    1400.46   10683.6   151.014   
0.191729  1018.1    84269.8   730.345   74.2343   841.569   1500.26   10401.1   87.7579   
0.107765  59.6769   92990.8   810.972   84.6529   924.228   1329.38   12341.1   38.2056   
0.189468  160.25    92666.2   700.018   102.913   874.931   1342.13   11183.6   162.776   
0.145231  3889.1    91159.9   732.409   84.6721   887.217   1442.13   9577.54   67.5552   
0.145202  101.549   93830     774.264   96.2529   904.043   1173.77   10167.1   73.9985   
0.173015  483.58    74458.6   796.041   86.4423   898.634   1305.01   11611.2   84.8042   
0.129251  4581.36   80627.6   768.965   81.532    910.668   1121.3    10273.2   67.4722   
0.154653  650.579   88571.5   818.375   98.6251   1013.74   1145.65   12074.2   153.077   
0.142859  924.115   87259     786.211   74.8719   889.222   1426.24   10755.9   49.3635   
0.117143  937.803   87748.5   714.529   88.9501   868.312   1183.39   11147     62.0431   
0.136251  292.714   87115.5   807.859   81.69     974.365   1267.43   11601.4   88.1839   
0.177661  1124.3    95116.7   806.988   97.483    999.096   1398.96   10967.4   147.698   
0.14975   148.747   96220.8   732.662   90.9741   906.038   1649.06   9503.77   70.0497   
0.166945  79.3586   92366.9   726.702   90.9767   906.298   1201.58   11215     145.489   
0.195475  116.878   86084.2   713.837   80.9103   847.849   1352.77   12154.6   142.605   
0.179102  58.0138   77935.2   760.614   86.9575   889.509   1562.65   10946.3   90.3141   
0.136377  24.4717   89032.1   740.443   83.5485   937.515   1176.95   10505.2   102.252   
0.149237  31.5139   95124.5   765.834   82.5319   920.811   1435.73   12213.7   91.6819   
0.195194  148.296   99775.1   793.589   101.38    943.493   1648.28   11060.3   119.402   
0.170141  112.074   84729     715.253   85.782    865.389   1263.36   11531.7   123.393   
0.167124  308.6     98286.3   703.937   97.82     825.789   1252.48   12947.8   109.317   
0.183454  75.4797   95671.9   771.286   75.7957   909.388   1241.15   12239.3   142.116   
0.185606  4.86307   93081.7   814.104   90.5731   974.224   1314.98   12325.1   161.484   
0.136364  125.912   89704.3   769.392   88.1666   869.886   1365.53   12580.7   53.73     
0.186565  263.146   102107    803.09    97.7871   972.96    1276.29   10299.9   148.358   
0.171573  274.034   69154.6   739.635   99.3046   887.071   1220.68   9513.13   105.363   
0.155905  42.4893   89303.4   790.266   83.8365   960.616   1402      10470.5   96.5609   
0.145563  7.52742   82484.8   817.95    77.0563   961.113   1672.91   12786.6   72.538    
0.100472  382.177   73584.3   796.695   85.7037   990.075   1337.05   10985     50.1849   
0.197652  591.61    87640     717.095   83.1898   856.222   1480.04   11750.3   133.568   
0.195726  113.987   96667.2   718.321   94.1968   903.316   1338.6    10929.2   179.877   
0.113996  58.8691   84494.9   707.924   81.3634   855.552   1189.29   12948.4   65.2634   
0.141311  1945.31   94710.6   810.333   91.5498   924.042   1670.86   12230.4   51.8203   
0.154749  1052.39   80924.2   700.699   78.2475   896.124   1168.65   11527.2   143.111   
0.107489  56.8814   107872    733.721   87.5689   854.27    1224.94   11822.9   42.0648   
0.149052  64.4948   90701.6   716.569   102.351   822.346   1247.6    12933.1   76.0125   
0.171001  5.50939   97218     723.432   89.8477   873.327   1488.54   9766.72   90.0149   
0.115388  111.962   92596.3   803.831   78.5254   988.197   1656.06   11664.4   54.0951   
0.120257  337.581   90000.8   769.069   78.4174   911.988   1492.79   11005.7   47.6148   
0.135861  7.23548   77044.8   720.444   76.3819   837.776   1583.63   12272.7   52.5319   
0.120436  1182.49   80334.9   707.022   70.6694   882.908   1200.95   11804.5   78.0559   
0.196598  47.0969   88039.2   743.411   90.7344   914.168   1323.1    11200.8   173.806   
0.125858  13.8495   103510    768.421   88.6327   892.143   1568.92   10629.6   41.5945   
0.171407  1273.49   93541.7   716.535   89.6777   869.343   1192.11   10997.2   128.381   
0.140016  1.84981   92813.4   737.147   85.1518   865.572   1346.05   11992.4   70.2826   
0.176766  375.813   95141.9   812.364   97.1926   943.473   1171.19   12097.7   131.267   
0.11817   118.193   82746     810.645   78.6774   999.504   1620.73   10509.4   53.5115   
0.187103  126.718   78638.5   755.587   93.2006   867.014   1661.83   11583.1   84.6922   
0.132352  85.9271   93298.3   797.594   93.177    942.713   1146.58   10360.5   71.7667   
0.144553  1162.99   83314     767.908   96.3562   912.607   1185.12   10024.7   79.6899   
0.168338  4700.33   105825    728.792   98.8593   889.212   1144.92   10067.7   123.981   
0.178764  50.8479   82809.2   714.859   95.3657   824.562   1657.56   11245.9   74.2456   
0.175105  342.226   90008.1   747.188   95.2664   880.068   1351.12   10288.9   96.5754   
0.107008  1956.02   83037.2   790.631   90.0821   935.094   1495.4    12491.1   43.184    
0.145097  68.704    88175.9   739.38    84.7942   888.327   1419.79   12675.6   87.3541   
0.158452  27.7356   90745.7   717.915   99.5368   848.751   1655.34   12165.7   75.4832   
0.116776  52.3049   86678.3   781.882   86.3468   946.369   1678.55   11514.9   48.1818   
0.145333  1595.95   96359.9   759.331   94.9931   878.446   1180.01   11403.1   75.6242   
0.146393  299.288   109937    810.4     87.2178   948.427   1260.43   12350.1   90.2276   
0.162599  475.435   92798.7   741.164   100.96    913.017   1406.88   10828.2   108.982   
0.119339  69.5126   58134.4   706.683   95.3089   844.01    1189.01   11856.2   60.978    
0.132005  60.348    97164.8   807.691   92.9299   998.346   1485.97   12218.2   85.4139   
0.107648  3426.65   81331.3   708.298   84.5622   889.43    1453.02   11818.8   53.3278   
0.106228  38.1145   92121.5   808.033   83.9274   982.145   1229.22   12526.2   62.6464   
0.138517  15047.1   71403.1   801.509   89.1979   930.253   1500.99   12405     63.4808   
0.173256  1863.02   88932.9   758.115   90.9293   918.966   1516.6    10803.1   106.883   
0.166176  18.5282   81904.2   777.513   88.907    883.067   1483.25   10078.3   61.912    
0.155477  396.925   91952     706.22    85.8784   867.178   1389.38   10146.4   88.5504   
0.192729  52.2675   93000.7   726.707   103.581   905.641   1543.91   9918.12   133.275   
0.157444  5885.7    82317.3   712.358   80.7937   832.678   1419.01   10571.6   68.9757   
0.132749  686.677   70494.9   732.196   77.2867   839.383   1527.08   11510.2   44.4006   
0.127862  334.071   79701.2   778.375   96.0074   954.695   1344.92   10923.3   73.1536   
0.184408  87.5741   97911.9   706.264   101.857   874.938   1194.79   12808.2   191.067   
0.132136  724.733   94179.1   815.426   85.6251   983.783   1379.65   12998.6   86.2925   
0.141622  608.687   87962.8   804.43    86.0116   971.639   1247.88   11698.7   97.877    
0.11444   2271.66   83808.2   722.992   92.6901   835.804   1556.42   9909.5    29.4207   
0.178079  97.2436   96886.5   757.94    86.8202   934.041   1145.09   12388.8   187.477   
0.148997  677.842   99710.3   788.787   98.7569   973.487   1273.28   10988.4   110.267   
0.113942  2788.61   100007    795.952   78.5846   912.859   1411.9    9980.98   33.5099   
0.174936  35.471    83872.7   709.105   93.5741   881.987   1569.06   9544.7    100.575   
0.118214  15.2025   75173.7   777.702   76.3909   974.314   1223.32   9844.77   69.2164   
0.184535  272.263   89286.9   738.578   91.846    913.131   1208.02   10795.4   164.881   
0.18784   67.2865   92610.8   778.009   92.4103   902.032   1269.35   9820.56   105.444   
0.110281  444.749   78711.7   701.191   77.1472   875.763   1169.57   9912.04   56.2159   
0.151313  30.2724   81643.5   762.66    94.5024   931.333   1410.88   12434.7   106.327   
0.155315  50.3952   80251.2   782.22    84.0133   958.333   1253.92   12418.9   131.106   
0.102589  61.6537   78321.2   816.37    77.5587   953.049   1308.52   12909.1   44.3923   
0.198668  16.5298   81613.3   702.11    90.3989   857.336   1522.5    11897.9   149.286   
0.182741  171.688   83338.7   751.416   78.7021   925.93    1592.33   11335.6   129.001   
0.103397  48.3597   89754.9   744.154   87.749    899.783   1210.36   9941.52   42.8018   
0.145287  11.0092   91290.1   715.108   91.7239   911.979   1526.78   11296.5   96.2398   
0.11733   52.3496   85428.1   770.918   90.6948   935.4     1503.29   11222.3   52.9208   
0.128075  53.887    95776.7   810.362   94.4895   962.367   1157.75   11281.8   75.9424   
0.131971  103.706   80433.6   728.978   78.4316   857.238   1620.95   12742.7   54.8487   
0.128533  67.204    90320.4   801.488   82.864    934.489   1572.17   11446.8   50.0323   
0.192875  2.01086   96749.7   737.579   93.0939   886.11    1420.05   12245.9   149.093   
0.147779  22.7609   80738.3   756.703   88.1998   879.983   1593.08   12321.9   65.1048   
0.157629  735.371   85909.5   779.448   81.0337   969.312   1498.88   10428.1   102.189   
0.173912  7.19571   84813.6   741.021   81.3969   875.198   1356.23   11121.5   103.959   
0.119055  71.0875   83616.9   783.304   88.426    961.03    1651.58   11646.2   55.6045   
0.182389  132.369   85377     813.453   86.1467   919.344   1521.68   11856.2   85.3774   
0.159003  11.7842   88445.2   809.628   98.997    976.516   1194.66   11964     132.017   
0.135193  19.8566   90377     742.515   93.2163   927.476   1451.98   9649.58   70.3514   
0.143283  6214.65   95269.9   767.314   107.107   960.745   1292.92   12985.4   124.023   
0.178911  2.70074   88746.2   818.615   93.9896   954.531   1581.05   10527.9   90.7306   
0.135836  754.709   95788.2   715.798   103.333   906.38    1354.13   10260.5   83.2228   
0.160364  1374.97   81793.7   779.261   94.6155   927.504   1141.49   12197.1   126.311   
0.172582  118.258   100066    784.461   102.315   983.613   1600.63   12491.4   144.356   
0.13983   70.8296   81399.9   718.747   85.7488   832.977   1336.6    9637.89   50.3368   
0.139139  164.384   87465.1   718.148   91.5127   910.081   1202.71   12821.4   123.459   
0.183833  9.20821   83345.6   794.776   82.0178   949.164   1617.13   12587.9   126.795   
0.195397  467.305   74398.7   710.994   94.3302   818.301   1668.03   12182.5   92.9344   
0.15106   52.2073   85767.9   705.645   87.2841   829.359   1488.37   12483.6   73.9132   
0.108004  637.068   92666.4   701.62    79.5874   861.641   1389.58   12548.7   52.6543   
0.137432  25.3652   96422.9   739.751   95.8613   850.428   1199.79   12913.2   70.2923   
0.130991  77.4827   84988.1   773.729   83.8815   927.09    1294.46   11035.9   70.0902   
0.147957  247.447   90333.7   814.493   94.3614   1002.09   1254.36   10625.6   108.494   
0.128744  193.954   81993     780.118   78.4358   932.342   1569.83   11491.5   57.6978   
0.181407  35.9031   84230.3   740.196   94.6908   845.403   1254.97   11687.6   100.437   
0.120571  328.805   86578.4   755.795   80.6099   865.201   1217.06   12229.7   49.8505   
0.116196  854.802   99158.7   735.376   98.0699   898.523   1413.12   10403.5   50.7168   
0.108856  525.828   86359.6   758.689   90.6495   927.564   1392.73   11022.6   49.5377   
0.14678   92.98     91989.5   737.183   89.4523   903.041   1506.45   12939.6   95.7842   
0.164998  2540.68   94843.6   790.492   93.2903   907.941   1548.77   10040.9   64.5353   
0.115677  4.45369   84209.4   710.594   82.434    857.056   1288.28   11761.1   56.0576   
0.160899  139.295   86868.5   731.329   96.0468   913.703   1217.28   11238.1   135.792   
0.160746  39.6028   68609.8   777.241   85.2465   892.239   1303.45   11949.7   84.9324   
0.120657  18518.1   86950.4   787.509   84.5178   962.02    1179.26   10622.7   71.2348   
0.11873   191.581   92446.4   788.526   96.4552   932.411   1349.22   9889.64   46.5234   
0.136147  386.399   95063.5   710.535   96.9294   864.242   1504.38   11718.5   69.3114   
0.107014  266.149   83856     753.232   79.2938   895.144   1343.35   11080.1   41.9164   
0.153752  242.678   95158.3   766.088   95.9012   917.236   1657.54   11975.4   80.5707   
0.130429  94.2537   84821.5   804.931   95.2222   996.187   1571.56   11029.4   71.4403   
0.138911  679.103   103884    741.865   113.462   871.203   1424.81   12503.5   68.3716   
0.197744  39.4306   86481.8   751.577   100.193   905.745   1154      11342.7   184.277   
0.119967  16.9843   81618.3   767.967   95.8969   938.042   1555.65   11266     55.5394   
0.14743   67.9174   84176.4   811.485   85.5533   954.749   1143.17   11880.3   100.848   
0.169322  189.435   98506.8   767.773   101.439   933.463   1488.13   12673.9   126.033   
0.137309  45.3002   88624.2   806.036   90.8032   917.176   1488.23   11383.2   50.1206   
0.161883  128.151   78179.8   804.562   68.3183   993.506   1655.7    11030.5   102.756   
0.186817  83.9247   98175.1   718.973   121.908   872.222   1599.81   12810.6   133.613   
0.187238  32.6412   112035    801.496   106.778   917.07    1354.59   12323.9   114.921   
0.166069  465.904   87791.2   710.717   90.6954   896.44    1239.28   9897.16   127.281   
0.193027  4481.62   93173     720.972   93.6684   867.541   1589.08   9795.89   104.472   
0.161342  10085.2   83471.3   720.086   89.1153   853.748   1325.16   9953.9    81.1225   
0.17271   114.194   98620     795.934   90.6445   903.795   1536.12   10937.8   71.4264   
0.116914  19.6031   83543.5   738.305   90.7697   919.402   1241.36   10184     63.5973   
0.117575  42.537    90980     746.007   102.778   876.87    1231.93   10368.6   47.6744   
0.13696   137.948   96140     738.025   83.5683   924.412   1671.71   12234.5   79.9318   
0.183071  20383.3   87243.4   818.597   95.2501   974.571   1589      12566.7   127.81    
0.161601  416.405   77334.9   715.729   92.0389   834.109   1551.66   9521.78   59.1934   
0.181183  92.2242   93419.5   718.494   92.2437   842.572   1661.38   10641.8   81.3851   
0.119406  82.2054   89905.7   789.178   92.195    914.784   1362.74   10945.1   45.0045   
0.171379  402.773   89638.2   788.765   85.6823   943.986   1130.25   9784.23   122.572   
0.15793   22.7328   90389.7   702.645   93.0251   891.873   1484.07   9566.93   95.1739   
0.180813  171.546   107133    734.503   97.9861   901.86    1471.21   11182.6   129.526   
0.12458   2404.85   92000.2   733.334   101.301   860.733   1533.5    10664.5   42.9723   
0.10026   125.092   84269.6   770.714   91.7032   942.52    1502.98   10568.6   38.047    
0.189861  325.255   99955.1   731.361   95.8633   919.858   1478.55   11551.5   164.968   
0.10571   239.293   85375.4   813.625   87.9454   1001.6    1310.88   12081.3   60.5419   
0.180661  29.6133   78414.7   717.871   75.34     850.213   1332.32   12250.8   123.521   
0.135035  15.3619   102697    747.389   96.7134   927.796   1237.32   10236.2   85.1823   
0.102843  96.8444   81243.4   767.808   104.181   898.505   1562.17   12514.1   34.6917   
0.183482  867.535   94280     711.444   87.9055   826.874   1570.89   12078.8   92.7152   
0.151202  16.684    85917     711.362   95.5178   823.605   1285.82   11198.5   69.8681   
0.145761  99.6131   86287.4   760.738   86.9049   958.075   1500.63   11304.2   98.6292   
0.136756  8.60253   81552.1   700.725   94.7535   846.242   1501.22   12180.1   69.1389   
0.123742  1476.93   85572.4   781.636   73.4091   961.427   1456.92   12517.1   73.6845   
0.197714  8.83645   99989.5   764.175   105.067   933.61    1213.75   10607.2   180.726   
0.170811  167.48    84032.5   747.447   91.113    870.8     1674.6    11909.2   79.7824   
0.130315  2.96936   109480    731.513   107.064   847.297   1362.13   10720.4   48.5212   
0.161475  118.523   83955.8   792.541   96.679    954.872   1359.03   10339.9   100.489   
0.115611  254.207   73379.9   797.3     93.8953   931.793   1332.31   11515.8   48.5833   
0.121013  17.3266   77136.1   717.797   81.1377   909.387   1671.87   9796.32   51.5124   
0.132233  950.921   87775.8   744.658   92.6735   852.303   1290.2    11031.2   50.1976   
0.125553  44.6767   88532.7   754.192   89.1085   877.406   1184.29   10139.9   52.013    
0.130775  41.4312   86575.7   768.906   78.4602   944.346   1274.23   12567.6   92.3953   
0.140612  9.82659   107387    705.292   102.154   824.778   1318.3    10845.2   60.8508   
0.17619   384.156   90418.9   708.133   96.5177   892.338   1591.47   11527.4   128.964   
0.149391  133.755   82426.4   818.371   86.4326   964.419   1426.81   10106.2   72.0806   
0.145493  668.941   99774.1   763.701   96.9854   893.6     1437.22   10461.6   62.4612   
0.174124  780.627   90770     755.253   81.0913   891.001   1302.37   11085.3   108.601   
0.102077  52.9059   81150.1   805.113   83.1367   917.172   1591.43   10155     23.3486   
0.104513  17.3991   88909.1   740.376   96.7687   897.807   1573.83   9678.94   33.1648   
0.179382  1.80054   100988    715.104   99.922    847.111   1549.79   10308.5   88.5427   
0.141956  616.621   96067.2   706.366   96.9945   810.068   1669.89   9635.06   37.6906   
0.103369  26.6498   87121.2   729.496   90.6887   892.667   1455.68   12001.9   45.0388   
0.118723  311.62    92973.2   816.541   96.8709   959.799   1230.21   10812.8   55.4772   
0.120614  140.505   87781.4   749.013   90.2881   876.253   1597.85   10049.3   36.4433   
0.147937  40.877    88991     727.822   78.6119   927.045   1131.25   12672.4   152.108   
0.12436   14.7297   104026    745.324   94.0873   889.082   1661.26   12987.3   54.4373   
0.103617  383.399   97630.1   778.246   105.643   949.413   1463.34   11357.2   44.6633   
0.157563  117.597   93983.6   749.81    80.5416   948.76    1548.86   10821.7   107.646   
0.154416  55.9341   97133.8   750.678   78.4741   929.431   1613.56   12895.8   106.256   
0.189876  4472.07   74771.7   701.829   90.5598   821.424   1291.01   10821.6   111.667   
0.163562  570.231   86910.8   799.98    83.8186   933.121   1395.27   9828.3    78.1046   
0.147148  13.8493   108952    721.36    104.076   907.529   1571.81   11770     94.4949   
0.161807  40.3735   76935.6   740.734   89.8876   882.209   1287.77   10559.7   94.7937   
0.137138  3309.42   83979     784.021   75.5686   917.069   1248.31   10280.6   64.0764   
0.18935   333.376   93025.4   789.68    86.7199   984.337   1536.46   10421.6   147.173   
0.191451  1541.73   97513.3   815.916   84.2902   999.121   1339.36   9877.57   153.367   
0.136592  502.404   94364.4   788.193   75.9186   937.317   1545      12424.1   69.7223   
0.176251  25.434    97748.1   809.503   99.1669   958.78    1249.71   10422.7   120.717   
0.136985  82.1526   82043.8   713.891   81.4717   879.748   1249.1    11784.5   91.6079   
0.107076  92.5566   93685.2   767.748   92.971    909.207   1128.01   9523.58   42.8672   
0.194864  42.5793   93538.8   713.577   78.1132   895.917   1429.91   11798.8   177.564   
0.157305  198.595   97807.9   800.422   81.9411   954.715   1379.18   11313.6   97.529    
0.136214  628.901   114242    729.066   89.1251   881.464   1574.73   11750     65.8517   
0.117536  17.2728   68778     751.693   87.9623   876.769   1433.31   10809.4   40.8176   
0.176846  11.0548   88889.2   750.928   95.2669   892.417   1581.41   11716.9   102.483   
0.166697  45.7126   93080.4   809.129   89.1803   991.738   1465.35   11299.9   122.107   
0.18982   67.169    90935.8   777.366   83.2837   951.238   1223.04   12291.4   195.305   
0.148524  47.2023   92096.8   748.257   99.2316   850.179   1185.44   10778     63.848    
0.150227  289.903   89125.3   762.142   103.965   934.655   1306.54   12362.6   114.839   
0.132663  132.944   86080.2   764.284   99.6058   875.107   1428.11   12863.8   54.8913   
0.13634   1287.99   73673.4   752.695   77.6662   929.244   1527.75   12666.4   84.7093   
0.121352  1764.04   102122    800.006   84.7414   995.638   1603.9    9725.17   54.6022   
0.189917  51.1192   85243     802.8     85.2593   926.248   1454.02   10377     98.9945   
0.116654  4.69471   87119.1   805.194   86.1474   921.254   1610.73   12933.3   39.7467   
0.173542  185.148   93912     743.246   95.8811   878.38    1403.2    12886.2   116.247   
0.102521  20.3201   72057.6   770.77    73.5516   891.819   1487.23   10748.6   28.809    
0.169775  615.427   84051.8   793.212   75.1917   898.738   1288.5    12715.6   92.8592   
0.146644  919.748   84101.4   705.443   77.2405   904.656   1516.12   10543.6   92.8081   
0.141971  2691.54   99056.8   819.27    108.119   953.063   1486.17   11977.3   67.7751   
0.136821  34.2025   97046.1   790.777   93.4728   966.26    1209.6    12068.9   102.405   
0.116236  318.93    104059    731.622   104.236   853.47    1242.38   11830.1   49.0078   
0.115482  34.5755   76293.5   764.754   82.9928   937.72    1628.74   10372.1   46.014    
0.108532  5732.64   61164.6   801.213   75.3038   938.205   1379.15   11396.1   41.5967   
0.184763  32.7262   72516.4   718.424   61.5505   866.868   1336.76   12622.4   148.313   
0.128908  72.8328   88209.1   707.016   91.2183   826.656   1282.93   11066.2   53.6078   
0.184261  5.7932    74245.7   785.774   86.7382   893.105   1347.19   10758.7   90.9357   
0.131158  175.172   82769.2   782.462   89.2972   943.773   1377.84   10529.2   66.2677   
0.151428  0.863171  70200     720.955   77.4866   896.663   1623.58   10691.2   83.2091   
0.131427  2.04871   101782    743.896   101.099   930.498   1676.12   9544.81   57.5853   
0.105459  19.6108   85502.6   740.811   91.9334   928.212   1554.07   9847.6    41.4078   
0.171246  2.51908   85033.9   781.741   77.5366   908.181   1274.85   11174.6   101.651   
0.163345  157.402   93866.9   735.954   94.5551   922.412   1246.4    10579.6   131.581   
0.145347  77.5401   103345    811.321   85.5999   993.697   1279.76   12947.4   121.505   
0.195911  1215.42   96392.8   815.518   86.0296   945.801   1168.82   12420.2   163.544   
0.134049  1104.54   92490.1   804.74    98.2418   962.371   1263.78   9923.06   69.4203   
0.105395  188.317   68316     776.127   90.6173   890.761   1632.82   10930.9   26.6983   
0.116837  596.686   95015.6   803.116   82.7863   915.46    1668.57   11275.1   32.4024   
0.122662  4644.13   79817.8   706.452   84.1947   825.376   1295.96   9790.5    42.1668   
0.168653  238.013   93096.9   704.458   82.9433   872.797   1567.9    11041.5   105.012   
0.175467  162.138   76355     809.629   83.812    916.829   1464.79   12577.3   88.0824   
0.148476  2.14785   72999.7   710.555   86.1503   871.077   1678.15   12902.5   85.2518   
0.141544  8.74263   82480.3   731.114   75.118    865.132   1512.91   9988.12   55.4866   
0.164512  246.148   87544.6   712.641   84.5215   885.047   1210.09   9850.56   118.2     
0.181124  20.5554   94109.8   783.297   86.8487   921.568   1469.08   12391     119.297   
0.170525  4.67486   91782.4   754.004   71.3504   884.427   1284.88   11182     103.083   
0.117829  179.344   93613.5   799.935   89.7443   928.247   1131.7    10377.5   51.0542   
0.127247  8083.01   82280.3   709.716   86.2856   828.05    1279.15   11690.3   54.4949   
0.148534  248.995   80330.1   790.876   93.5251   906.231   1584.92   12180.6   61.0357   
0.163158  7.09256   89506.7   794.92    99.4729   931.592   1550.21   10621.4   78.0438   
0.125734  86.7139   92201.3   776.89    96.3914   976.002   1599.48   12254.5   75.4553   
0.132187  276.223   82849.8   703.683   80.9113   846.307   1513.31   9546.17   49.1323   
0.114917  16.6194   103699    793.07    91.1885   966.607   1585.71   12048.5   54.5549   
0.128844  42.1994   96618.5   742.971   96.2907   886.967   1369.95   9527.31   52.0462   
0.145647  69.5928   90148.2   779.192   90.445    931.456   1589.84   10552.8   67.0326   
0.152284  75.5625   78813.6   754.097   92.5307   866.319   1526.25   9682.02   51.61     
0.105131  508.108   92497.3   809.394   80.8511   968.767   1180.94   12880.9   59.9796   
0.149549  245.486   82524     784.333   95.9342   889.031   1243.09   11304.5   66.3751   
0.189101  141.386   67891.9   732.233   82.6598   922.272   1279.4    9669.09   159.618   
0.115706  13.8891   93259.1   771.962   82.6261   905.087   1426.14   11582.9   45.3327   
0.119764  1448.93   90309.7   781.335   87.3392   929.613   1306.33   11978.1   60.8342   
0.164108  79.8158   79747.6   747.34    85.4245   849.516   1475.87   9644.68   56.1357   
0.184908  126.884   86172.5   770.208   83.211    883.801   1499.21   10118     81.6063   
0.140844  160.966   74392.3   746.259   82.2608   907.789   1407.21   12270.3   87.1294   
0.130881  1319.79   95850.6   781.261   85.5856   896.652   1180.95   12153.3   63.3034   
0.157111  51.5574   77042.5   737.9     77.5814   915.017   1244.41   10319.4   113.034   
0.140595  242.8     86642.7   788.648   88.9576   934.894   1474.81   12465     76.225    
0.1038    483.732   96605.3   741.264   90.9137   895.777   1411.87   12400.8   45.7358   
0.124236  172.212   91830.7   787.579   88.1238   964.891   1648.11   11057.8   57.4409   
0.118984  18.6418   79935.6   795.465   79.2212   902.69    1152.15   11423.4   47.0722   
0.140849  136.816   89004.2   765.432   89.151    901.533   1320.71   10335.5   65.9855   
0.147216  270.087   85369.2   803.237   75.6999   975.107   1550.69   10521.8   78.8253   
0.184256  1399.66   82002.9   802.96    84.3518   964.08    1428.9    11884.4   140.82    
0.131717  40.9454   82749.8   781.568   80.9183   898.567   1490.34   12203.2   51.9534   
0.139856  32.8423   89579.7   791.293   85.5193   935.246   1379.17   12715.7   81.0889   
0.159408  696.388   85136.1   817.797   91.3365   999.589   1247.56   12449.8   143.159   
0.155446  207.057   90385.6   775.878   82.9817   894.449   1665.26   11596     62.2238   
0.162445  113.371   73013.9   727.617   88.9859   846.224   1290.73   11838.6   89.3887   
0.186818  224.664   80925.3   709.647   87.537    888.436   1149.73   11842.3   199.014   
0.134281  4315.25   78588.3   789.125   90.1161   971.216   1657.96   11045.6   68.2474   
0.167388  218.121   92300.3   777.572   104.354   923.932   1214.84   12108.4   127.186   
0.141952  6.44866   81301.3   704.295   96.7069   873.117   1604.02   10740.7   71.3723   
0.165489  19.2511   89885.4   773.908   68.389    947.184   1159.26   11307.3   144.074   
0.19532   21.8287   82083.3   802.059   97.8948   985.149   1596.86   10091.6   137.874   
0.112921  4.25274   93343.9   766.138   84.9839   875.374   1218.36   12613.5   45.1748   
0.116755  3.04276   94979.5   789.249   98.4243   934.968   1218.25   10182.9   52.0629   
0.10775   46.1307   100166    712.319   86.9339   895.227   1608.16   9831.44   40.6844   
0.118881  5.23522   78274.4   708.759   66.6252   885.688   1668.26   9682.73   45.4879   
0.125657  169.303   84815     718.127   101.922   860.742   1491.62   12122     57.2315   
0.168441  72.2159   79108.8   801.539   85.2878   961.849   1556.59   12895.1   117.392   
0.169392  22.2778   97321.8   773.915   85.9249   957.891   1280.68   11855.2   152.37    
0.121994  230.39    98869.6   742.471   97.1792   929.086   1539.02   9550.48   53.9509   
0.173992  22.8275   83114.7   723.372   89.6313   835.665   1628.65   11511.2   75.0463   
0.145972  1454.42   88386.7   785.519   94.2215   935.916   1155.77   12564.6   108.221   
0.136295  1.49741   114837    730.127   102.691   865.294   1259.97   10891.9   68.063    
0.147232  64.0144   83499.2   747.882   94.9988   872.7     1621.19   10439.8   54.4951   
0.100277  23.543    91680.4   713.717   79.5286   908.099   1440.72   11926.6   50.6878   
0.126506  230.32    106268    725.286   97.2464   836.292   1253.6    12916.9   57.1424   
0.152403  9.02027   82226.3   760.894   83.6464   881.717   1542.67   11325.8   64.4589   
0.155195  2157.3    104280    705.952   97.4872   839.376   1495.13   11811     79.0165   
0.180109  63.3227   100364    762.795   74.9236   892.796   1506.67   11994.6   104.417   
0.153299  198.718   117505    772.294   100.937   938.101   1524.3    11376.2   90.7944   
0.185988  116.895   82417.8   769.762   94.5394   929.762   1139.74   12749.8   191.972   
0.167841  1746.05   91047.1   780.039   97.2769   885.132   1219.09   12452.2   93.7175   
0.153264  2.08904   84576     817.319   78.232    953.162   1319.48   10047     76.104    
0.164709  5859.22   86736.7   780.319   77.2984   968.975   1240.19   12865.5   163.674   
0.143429  968.086   88657.2   735.365   84.4861   864.374   1235.45   10542.1   70.499    
0.14233   2580.94   56937.4   741.559   84.5052   879.162   1375.28   12059     76.0028   
0.197243  460.933   92671.3   797.131   92.5496   976.346   1540.55   11580.7   162.664   
0.105358  199.596   102804    787.319   84.3175   932.235   1468.23   10166.8   34.8736   
0.129123  0.895425  97392.9   770.787   101.67    969.378   1546.44   10598     71.2088   
0.14514   69.8866   89036.2   802.558   86.8439   945.453   1321.85   11372.4   80.8384   
0.130855  150.324   76960.8   726.75    94.2271   924.957   1278.72   9563.22   79.3594   
0.154666  190.133   84947.9   764.511   89.9708   876.485   1124.49   12699.1   94.0277   
0.16187   303.331   71972.2   720.764   70.9691   919.604   1648.65   10732.7   105.596   
0.154566  122.168   94756     774.472   94.1061   918.283   1539.95   11752.2   81.8426   
0.143815  23.5704   76177     721.118   68.4368   823.517   1166.5    11939.7   67.5689   
0.154188  320.272   81121.4   704.878   78.9034   898.146   1143.25   9992.88   124.914   
0.163085  16317.9   79648.2   743.105   75.5417   846.677   1511.48   10830.7   61.1236   
0.198544  94.0553   95007.8   722.687   95.4731   911.656   1175.6    11260.2   221.451   
0.130802  1.54365   91465.6   789.176   83.8447   889.483   1265.49   10685.8   45.43     
0.189385  332.661   81450.2   804.906   86.6539   931.143   1442.84   10814.5   105.392   
0.153779  15.5279   83558.2   783.436   91.522    949.001   1122.85   11370.2   123.806   
0.154126  199.289   108070    777.204   79.8408   945.23    1598.02   10063.2   78.4385   
0.112273  62.7679   96071.6   807.597   91.4921   951.715   1388.4    11675.6   47.8185   
0.130167  1394.32   78907.1   739.177   80.2653   844.852   1599.37   12731.4   44.43     
0.113392  3.79348   91940.6   789.881   75.7826   890.475   1368.11   11928.6   35.337    
0.167404  88.5682   85818     704.484   84.2294   814.278   1237.03   9784.22   75.8289   
0.163466  2168.49   95539.9   766.978   95.7471   867.187   1440.46   10116.5   58.5353   
0.140881  1182.95   83750.3   739.095   89.5146   865.4     1129.88   10988.1   75.8491   
0.143568  271.528   83455.6   713.094   95.4081   834.933   1193.32   9972.99   65.4894   
0.120857  46.4442   79733.7   725.686   79.4367   835.044   1261.62   9828.23   38.9261   
0.168168  78.112    87313.3   743.451   73.8562   873.137   1186.38   11839.6   113.65    
0.102623  396.504   73502.4   815.296   75.3394   1010.94   1610.74   9707.87   38.8776   
0.145011  423.776   69902     790.794   79.5563   895.539   1671.84   11210.6   46.0743   
0.172525  1514.73   84688.6   818.632   70.6418   1015.52   1301.6    12990.8   180.31    
0.146434  288.975   80869.5   787.692   83.7111   907.945   1599.1    9614.16   48.4204   
0.125268  58.0285   79570.8   810.357   89.5205   946.545   1508.67   9957.88   44.1568   
0.191522  23.4488   91285.4   816.853   86.7264   928.15    1579.99   9785.87   78.9376   
0.129867  2.53001   96432.4   728.776   98.9536   863.475   1446.85   10478.2   51.5912   
0.125459  3392.35   97989.7   764.884   93.189    897.275   1426.65   9845.33   44.9106   
0.195159  548.078   74827.8   813.721   93.465    1007.63   1429.26   10584     169.778   
0.175235  574.814   109788    730.45    101.556   837.287   1177.71   10469.7   90.6372   
0.111389  11.1199   70483.5   745.86    86.3951   922.153   1545.53   9688.32   42.9877   
0.132423  18.4208   101211    772.905   92.3704   930.307   1144.67   10002.4   75.4631   
0.111832  20.6369   66077.6   744.071   67.5263   926.948   1394.48   10184.9   52.2939   
0.174859  20.6856   89054.9   763.81    90.8386   867.37    1314.38   12558.9   94.3248   
0.106126  1.38943   84539.4   743.901   88.3349   869.336   1229.35   11996.4   43.2404   
0.161456  3988.57   105001    745.384   75.5762   911.84    1457.31   12181.3   112.308   
0.152302  797.38    93960.8   704.201   95.8205   844.763   1217.39   10182.1   84.935    
0.139373  906.012   86175.1   702.834   84.2473   810.023   1495.64   11873.8   51.5163   
0.140925  144.243   99091.5   781.561   80.2122   969.896   1181.83   12864.3   126.722   
0.128976  931.303   90222.1   765.166   95.8946   914.298   1235.62   12756.2   79.8232   
0.100394  26.1147   82636.8   726.15    83.805    873.99    1522.01   10625.1   32.6029   
0.111141  1083.4    103220    814.992   99.4375   993.02    1637.01   10206     42.9188   
0.116252  24.2008   97721.7   785.905   92.3279   900.664   1295.71   11730.6   43.9558   
0.131079  5044.92   92885     708.739   76.5822   899.386   1334.86   9820.97   75.0569   
0.184811  233.709   95149.6   771.832   91.288    901.87    1201.65   10631.1   122.002   
0.149013  26.5093   89890.5   810.133   83.7988   985.321   1448.78   11252.7   94.4153   
0.176874  3.41664   97840.5   755.562   91.0871   915.857   1423.48   11475.2   126.483   
0.14237   293.467   90268.9   747.992   86.2118   882.182   1357.32   10977.8   68.6113   
0.172601  13.6355   86936.8   718.044   82.6123   853.37    1616.55   11843.5   92.2577   
0.143999  4019.06   88563.4   776.496   96.1244   966.304   1559.28   10638     83.7254   
0.153852  348.923   114293    791.87    89.819    985.318   1424.02   11295.9   113.196   
0.133725  1052.41   91591.8   792.87    87.1173   979.6     1481.38   10302.1   72.4899   
0.180441  89.4079   99090     797.178   102.462   963.375   1289.07   9820.28   128.54    
0.10726   6.6282    93979     769.326   93.1297   955.312   1563.48   12800.3   54.9197   
0.107319  86.1573   102156    746.761   99.9163   899.563   1323.7    10483.4   43.6536   
0.106515  307.697   98323.9   739.793   82.1994   846.59    1473.22   12041.7   30.974    
0.131431  90.486    68999.2   785.773   72.547    927.71    1306.23   12653     74.0548   
0.122715  7531.79   77557     719.866   78.1724   851.782   1518.23   12174.6   49.6222   
0.136852  796.856   77872.7   757.594   79.3267   878.674   1339.06   12500.3   65.8731   
0.112967  4104.81   87926.4   708.43    94.1884   846.952   1584.47   9798.38   34.1928   
0.189857  316.596   82807     803.872   92.8544   967.036   1611.87   11764.8   133.455   
