rw        r         Tu        Hl        Tl        Hu        L         Kw        y         
0.19367   332.363   91143.6   710.429   93.289    868.498   1120.24   10919.2   178.938   
0.184629  58.1999   86941.8   787.733   85.6742   905.762   1120.41   10831.1   120.851   
0.199211  229.954   91092.5   739.292   91.7239   932.771   1120.21   9901.86   210.382   
0.172261  241.355   90037     720.283   104.15    847.913   1120.41   11747.4   123.414   
0.195686  2113.88   98590.1   773.898   95.6469   951.772   1120.65   11599.1   217.296   
0.193536  2220.28   88678.5   800.633   100.758   919.689   1120.09   12041     147.839   
0.180207  245.551   66823.5   797.346   93.4971   968.469   1120.49   11498.2   176.874   
0.198019  1077.35   94384.9   705.035   93.4619   842.241   1120.88   11432.7   169.276   
0.199413  19.8822   101155    702.58    93.8664   882.105   1120.53   10633.4   210.875   
0.198574  28607.4   90447.7   763.632   103.715   897.361   1120.07   10898.9   157.729   
0.188622  939.389   95763.1   785.143   85.4315   945.664   1120.25   9993.1    157.556   
0.189851  3.84733   83535.3   719.795   94.5189   838.214   1120.46   10987     130.75    
0.196623  7919.68   79748.1   780.237   84.9037   888.836   1120.33   10394     119.688   
0.198197  30.0169   74436.3   756.392   95.2146   952.61    1120.31   12230.4   261.393   
0.190354  3681.08   92191.4   782.686   109.645   947.264   1120.2    12250.1   201.282   
0.180953  519.659   74842     747.293   101.104   914.591   1120.99   10925.5   165.646   
0.191626  7920.15   86988.6   795.401   78.4917   916.605   1120.74   12187.8   148.046   
0.187853  741.717   101152    810.504   92.1325   939.321   1120.91   12188.6   152.654   
0.190382  949.296   99947.4   712.06    104.803   824.739   1120.08   9778.62   110.591   
0.189539  19.2332   78344.8   794.361   76.2289   975.716   1120.12   9968.34   180.403   
0.185105  2303.22   77356.2   803.081   86.5685   931.459   1120.58   9832.84   119.303   
0.19754   11456     93557.9   793.134   76.4024   944.754   1120.45   9511.15   154.114   
0.192063  43.6421   95507.3   749.348   99.9834   881.484   1120.01   12323.3   166.65    
0.197508  3349.13   78818.6   743.273   74.9815   866.363   1120.3    9647.49   127.127   
0.195279  10.1002   88442.1   814.914   99.853    927.919   1120.36   12013.4   144.003   
0.192349  998.526   92678.7   774.927   83.9556   900.374   1120.49   9602.51   122.97    
0.191101  709.359   92299.8   755.127   69.8469   940.272   1121.02   10442.8   193.989   
0.179506  32.9694   87704.4   770.621   87.0539   949.171   1120.42   11476.6   183.326   
0.190329  6.60313   102204    705.873   89.9998   825.519   1120.53   12930.6   155.843   
0.196366  1114.04   94266     767.338   75.9417   914.344   1120.75   11382.7   176.918   
0.199549  515.582   100149    775.211   105.562   931.145   1120.52   9673.89   166.282   
0.199554  36.0478   94623.3   707.199   90.8699   822.484   1120.63   11704.5   148.867   
0.193231  493.083   90596.5   726.403   98.9391   881.665   1120.3    10990.9   176.115   
0.195914  672.315   78842     810.771   88.5037   984.95    1120.98   10648.6   196.218   
0.184603  27.1995   83435.6   812.799   91.108    1007.07   1120.7    12448.3   228.647   
0.190812  332.662   92300.9   708.845   80.4191   828.696   1120.16   12363     148.531   
0.199541  145.496   99235.8   762.357   97.4689   936.096   1120.44   12383.4   236.669   
0.187287  14.763    95013.8   706.056   89.3876   838.483   1120.56   11323.4   146.195   
0.190511  48.0532   90912.8   808.62    101.01    1006.45   1120.13   11222.2   223.764   
0.186195  146.075   93326.4   811.287   100.061   956.84    1120.22   9627.75   134.907   
0.197558  1.73919   87350.8   728.924   98.5884   839.342   1120.89   10695     128.652   
0.191759  4.21571   93858.7   755.856   94.0428   885.236   1120.86   12638.4   167.384   
0.194711  315.209   89641.6   742.545   82.3803   927.175   1120.16   10723.5   207.144   
0.198016  525.804   95008.8   716.347   100.852   892.795   1120.02   10050.1   192.386   
0.197455  3.46356   95514.9   700.018   87.2204   833.131   1120.07   10184.5   147.393   
0.192494  60.9276   96903.9   720.685   85.0947   853.184   1120.28   11509     156.439   
0.195296  778.568   75155     743.946   89.8175   915.908   1120.86   11838.2   213.645   
0.187402  62.8633   84181     803.535   88.0079   976.526   1120.26   9554.47   161.186   
0.191127  63.0559   86897.4   765.552   90.3112   925.634   1121.14   12344.7   199.703   
0.183142  24.909    103432    729.53    103.313   863.823   1121.22   12317.7   154.107   
0.191266  53.0871   93264.8   738.236   97.9698   856.308   1120.45   12423.7   148.73    
0.196283  46.3794   94151.1   724.387   82.8981   909.969   1120.4    11066.9   219.12    
0.197874  66.2306   98560.4   772.536   90.1349   924.01    1120.41   11793.9   193.557   
0.188192  20.2807   94598.6   814.369   96.6628   979.873   1120.14   12982.2   211.319   
0.184023  53.7776   96333.6   795.203   95.6953   919.594   1120.11   11403.3   133.362   
0.19614   512.799   85905.5   773.329   100.264   970.54    1120.24   11172.3   234.179   
0.196568  276.34    84612.1   730.442   95.0546   842.685   1120.16   9771.91   117.35    
0.18031   338.464   102444    737.069   86.279    928.472   1120.24   10816.7   186.207   
0.189533  4.5724    84625.1   797.891   93.8517   995.728   1120.35   10458.4   207.241   
0.189906  24.8207   87954     717.984   94.2266   822.818   1120.51   10580.6   111.177   
0.198932  1946.23   79675.8   794.07    71.8067   971.409   1120.75   9874.79   190.016   
0.194359  114.632   98924.4   753.184   88.0749   923.667   1120.29   11879.9   211.478   
0.196783  15.1503   88656.7   700.292   102.416   894.25    1120.74   12474     260.242   
0.198553  29.1503   104108    709.626   96.8979   829.004   1120.51   11030.4   144.106   
0.192867  25.9476   94008.9   766.957   96.3094   944.31    1120      12635.2   231.34    
0.195514  1564.81   98611.5   731.387   90.6184   844.342   1120.08   11661.3   138.487   
0.197938  276.823   82999.5   761.684   87.0754   925.917   1120.09   12143.6   215.352   
0.197061  124.776   88285.8   746.318   84.5635   941.172   1120.24   10048.6   210.435   
0.194448  56.938    100661    726.459   82.9956   890.934   1120.62   11421.7   196.533   
0.199163  146.653   96083.4   752.701   99.1658   902.564   1120.83   11545.5   189.784   
0.191374  50.7179   102686    788.892   90.7129   900.784   1120.23   12751.7   144.689   
0.199619  1329.29   94697     809.798   99.4613   970.927   1120.78   12219     215.757   
0.198721  72.472    92372.1   754.889   100.232   865.231   1120.06   9579.27   115.924   
0.199558  30.0863   93916.1   743.207   87.2973   889.023   1120.74   11015.1   177.303   
0.186957  0.977476  91138     807.519   98.4696   981.384   1120.45   11867.6   201.59    
0.190145  105.314   79331     773.491   75.8246   956.248   1120.84   10182.8   186.041   
0.190913  25.5472   94593.2   813.699   86.1059   1004.61   1120.01   12080.4   233.171   
0.199624  1030.33   93633.4   735.178   96.5769   881.274   1120.33   10642.8   170.884   
0.193074  195.786   87258.4   719.931   96.053    841.112   1120.67   10165.9   127.184   
0.186575  260.966   77720.1   817.903   94.4619   925.437   1121.08   11116.6   115.086   
0.195732  20.3165   95185.5   776.282   93.2887   939.743   1120.51   12418     215.751   
0.192884  987.848   92968.3   730.121   93.9207   891.417   1120.77   11482.4   189.851   
0.193672  84.6586   101507    703.125   78.7693   804.873   1120.1    12490.9   131.578   
0.196672  213.563   103572    767.1     99.7225   906.195   1120.63   10293.4   153.342   
0.190669  6.37037   76975.8   704.357   70.238    832.839   1120.38   10998.3   142.776   
0.193272  109.091   95088.4   771.394   93.017    950.73    1120.57   10252     190.324   
0.198079  50.7849   88728.3   721.562   67.0021   892.371   1120.69   10092     186.862   
0.190755  282.572   89044.7   812.42    89.7418   912.682   1120.13   9840.58   99.3975   
0.198366  263.02    91078.9   802.074   106.965   921.34    1120.32   9954.55   129.479   
0.194834  2.33474   94131.6   736.251   90.5749   911.686   1120.35   9570.81   177.935   
0.190192  9341.71   90020     807.314   82.1672   964.069   1120.15   9689.8    150.989   
0.18912   45.3632   100339    758.731   96.4052   922.708   1120.83   11479.1   186.756   
0.195548  90.6943   105879    707.847   99.1472   885.997   1120.26   10438.1   197.232   
0.195949  381.722   89381     741.725   81.47     905.98    1120.69   10923.6   189.817   
0.198386  656.304   95348.2   751.318   101.672   910.743   1120.06   10255.3   177.925   
0.180063  5283.79   91830.2   812.87    86.4249   918.893   1120.05   10232.5   96.9505   
0.197122  550.655   89149.5   819.687   79.5569   969.21    1120.3    9529.78   152.747   
0.199545  1127.99   84603.9   807.933   86.3846   957.643   1120.41   12461.4   203.772   
0.184403  120.006   102363    803.458   92.5585   904.916   1120.16   9718.55   93.074    
0.193501  524.4     98111.8   786.209   96.8086   945.157   1120.25   11590.9   190.436   
0.188086  6929.07   80268.5   797.565   100.071   936.031   1120.23   11764.6   158.517   
0.188349  50.9547   104163    770.05    91.6007   942.688   1120.5    11925.4   202.436   
0.190472  15732.6   87530.3   809.823   96.0212   1004.32   1120.45   12770.6   246.645   
0.191213  751.145   97782.9   707.093   82.3784   820.31    1120.2    12276.6   139.707   
0.188764  5.42646   83932.7   791.528   80.2979   974.272   1120      10874.5   197.193   
0.195777  5.82906   105563    791.58    96.0823   973.915   1120.43   12318.1   239.598   
0.190169  105.929   76606.6   724.693   84.103    852.153   1120.29   11099.7   141.569   
0.19708   563.546   79812.3   717.17    91.8982   890.519   1120.85   10927.8   202.894   
0.194874  862.479   85813.5   719.016   88.4329   916.973   1120.28   12707.4   262.519   
0.191632  5.31456   94898.3   731.479   91.2115   835.589   1120.03   11416.9   121.602   
0.197465  37.0589   82400.8   775.136   87.1475   914.963   1120.42   9841.14   148.915   
0.198039  452.589   99521.8   702.641   95.6436   809.443   1120.13   9607.77   111.356   
0.197628  23.6304   89557.3   753.128   90.347    878.559   1120.21   10558.6   143.662   
0.186946  208.006   81103.2   819.132   93.4117   986.223   1120.26   12400.5   200.162   
0.18758   78.6719   101979    737.235   90.3241   883.212   1120.33   11793.5   167.786   
0.193397  2.2567    97412.2   772.368   98.9158   889.095   1120.42   11664.1   142.099   
0.195091  80.7812   98336.6   726.3     84.5019   900.043   1120.12   12240.2   223.697   
0.193996  96.8842   93031     748.879   92.1997   938.392   1120.06   12308.7   242.844   
0.192422  3991.65   77332.1   761.049   75.7848   903.094   1120.27   11074.3   159.502   
0.189049  36.1094   80103.9   737.713   86.5076   867.8     1120.6    9817.88   126.76    
0.199854  43.9794   88868.9   729.779   95.9602   907.566   1120.14   12765     251.014   
0.196109  2.11298   106723    790.316   101.205   913.751   1120.21   9705.84   128.711   
0.195394  30.0111   105207    770.049   93.2446   870.075   1120.07   11602.2   122.961   
0.195528  634.256   93305.9   768.186   83.3791   938.176   1120.03   12458.8   222.52    
0.194508  10.0425   94619.5   797.261   81.8516   991.388   1120.02   10081.7   206.001   
0.193611  7.05522   79341.3   719.036   77.3346   856.149   1120.68   10348.6   147.913   
0.19728   224.104   93507.2   812.804   99.5079   962.86    1120.51   10744.4   173.635   
0.196213  30.3311   91091.6   763.726   89.6421   903.468   1120.1    9601.07   143.542   
0.197555  539.649   91421.3   738.763   80.0842   893.05    1120.12   10752.7   178.293   
0.193518  1103.93   85653.6   745.497   81.9738   893.187   1120.2    12347.1   187.434   
0.171615  6159.62   92885.4   701.598   86.8977   802.009   1120.49   9817.85   80.1553   
0.190866  372.105   81397.7   716.143   89.3552   830.114   1120.22   11055.5   126.795   
0.199977  2627.04   79364.1   768.495   84.8109   908.224   1120.37   9731.88   149.579   
0.197638  206.941   106917    781.692   112.359   947.126   1120.37   10876.3   194.791   
0.193814  1.43282   108233    746.019   97.1617   881.339   1120.93   11473.6   162.811   
0.197552  81.3949   76861.6   738.309   64.3714   849.166   1120.1    9689.42   115.746   
0.192888  9.90581   87218.9   707.22    90.2006   829.971   1120.3    9746.27   123.944   
0.188132  3583.26   94940.4   714.378   92.1104   899.907   1120.12   12178.6   219.765   
0.19629   20.8447   92389.7   769.339   72.3024   937.92    1120.14   9730.07   175.36    
0.19946   624.65    86339.6   763.136   78.3454   918.162   1120.1    12490.1   211.243   
0.197819  945.405   96237.6   727.355   105.726   878.492   1120.14   11054.4   180.57    
0.189625  1001.64   89013.2   777.595   100.013   938.045   1120.01   11185.8   178.273   
0.196745  247.278   89142.3   808.627   96.1355   927.504   1120.08   12599.2   160.022   
0.182822  416.083   91343.3   817.362   92.5486   982.591   1120.02   11326.4   173.008   
0.186299  71.8376   75810.8   730.63    78.7598   873.731   1120.24   12447.3   170.877   
0.181528  611.779   86573.6   809.495   94.8393   948.592   1120.23   10197.4   129.416   
0.192747  283.091   87178.2   769.199   97.8047   968.952   1120.07   11760     241.27    
0.196608  14.0776   67695.6   736.552   90.8944   851.209   1120.2    9797.2    120.815   
0.195745  75.2567   89434.1   795.622   86.4056   905.568   1120.12   11671.9   136.035   
0.171737  5.43089   79086.1   718.622   72.6667   914.25    1120.13   10929.1   175.655   
0.196866  552.359   73482.1   790.863   68.2036   988.706   1120.26   11567.7   243.07    
0.196921  51.7983   100671    710.747   94.1272   838.063   1121.63   12643.5   172.601   
0.195817  160.881   90516.4   720.583   85.0233   861.233   1120.94   12790.6   190.045   
0.194018  5045.87   86511.7   784.822   73.6112   930.506   1120.17   9638.32   144.994   
0.190366  228.467   70152.5   812.676   73.3538   961.232   1120.54   12879.3   190.552   
0.18748   15871.7   88455     715.682   88.0304   828.98    1120.44   10352.7   113.226   
0.196602  149.529   79991.1   700.142   93.4306   870.947   1120.24   11732.7   214.147   
0.184058  11.7652   94764.5   765.517   75.4923   868.923   1120.41   9842.15   95.8898   
0.184599  38.0018   108542    727.811   102.622   872.577   1120.01   11836.5   162.268   
0.199473  190.291   70610.1   791.968   84.126    903.383   1120.24   11583.5   141.632   
0.178442  1177.92   92563.5   781.601   103.26    974.314   1120.36   12030.8   204.036   
0.193816  423.873   89010.9   772.427   79.269    902.132   1121.01   10190     136.871   
0.18875   19.7808   74402     805.731   78.5125   990.113   1120.01   12745.9   232.059   
0.192039  669.563   82244.2   772.257   84.8517   955.855   1120.7    11806.6   219.984   
0.195092  3258.24   96219.3   774.127   82.5454   930.689   1120.33   12646.4   206.099   
0.195355  312.455   78120.6   802.423   96.5295   970.731   1120.51   10790.6   191.633   
0.196321  21.5194   94422.1   730.022   87.0513   871.669   1120.52   12819.4   193.908   
0.197828  486.542   89123     707.128   95.7807   818.982   1120.8    10914.3   131.868   
0.195769  240.689   90244.5   728.123   89.4451   886.394   1120.15   10724.2   179.816   
0.195738  1481.2    92416.1   719.222   86.5175   843.436   1120.05   11475.6   150.137   
0.194772  4009.99   90927.1   724.004   90.3586   901.253   1120.05   9569.18   177.316   
0.199899  11.4014   83775.7   813.202   82.42     913.331   1120.31   12053.3   133.825   
0.198499  11686.4   89467.5   730.862   94.0599   928.101   1120.8    12929.3   274.358   
0.189754  1816.63   83677.8   707.001   83.1182   874.512   1120      11406.9   189.157   
0.184959  127.405   95034.8   712.689   94.7801   884.74    1120.58   9542.58   155.896   
0.187047  16560.2   96665.5   710.556   96.192    874.816   1120.13   9955.22   157.556   
0.190196  32.5439   84871.4   779.38    99.7407   919.284   1120.78   11441.2   160.773   
0.188071  58.7154   85890.9   753.213   90.5574   921.481   1120.87   11712.8   193.123   
0.192029  296.646   99682.2   793.995   102.257   898.246   1120.4    10958.2   116.61    
0.189824  198.147   86181.3   816.11    83.2412   1009.93   1120      9696.8    187.517   
0.195953  1310.82   93916.7   721.976   85.0481   909.73    1120.67   12828.2   253.483   
0.199792  9.57381   85359.9   730.935   96.2071   892.693   1120.2    10366.5   186.333   
0.186462  35.9518   80998.5   762.953   100.123   946.517   1120.17   10326.6   183.292   
0.199123  69.5882   99138.8   709.055   100.556   899.869   1120.13   12775.4   267.559   
0.19558   1186.36   103838    717.272   91.4235   896.77    1120.54   11770.7   222.325   
0.179336  216.253   97849.9   813.451   106.658   953.347   1120.44   12738.7   158.771   
0.196884  20.1468   81384.3   782.605   86.1021   932.187   1120.61   10582     170.337   
0.19562   954.366   86284.1   705.625   84.6519   899.722   1120.47   11458.8   234.036   
0.195674  118.722   76266.3   817.744   80.3054   967.15    1120.42   10237     161.938   
0.195906  47.4283   96144.4   727.358   79.7706   837.257   1120.41   12195.7   142.19    
0.193173  80.5516   92018.2   769.96    87.0751   906.13    1120.31   11452.9   161.063   
0.199793  4.53472   87420.8   778.877   96.2262   936.107   1120.23   11710.2   204.724   
0.191504  149.151   83078.3   705.587   85.705    807.25    1120.86   12795.3   131.569   
0.194305  277.002   74791.5   710.951   80.7756   841.587   1120.35   12335.8   167.473   
0.198664  13.2696   87553     734.89    95.367    919.25    1120.09   12614.9   254.946   
0.197039  979.1     92766.3   739.486   91.059    843.726   1120.4    11900.9   132.492   
0.198012  113.345   96042.3   771.22    73.5804   933.957   1120.25   12704.1   223.04    
0.1941    57.8676   103843    790.036   95.9342   919.396   1120.04   11477.5   155.117   
0.180142  1411.56   86265.1   818.772   93.1614   931.519   1120.3    10471.5   105.891   
0.186388  17.4075   83564     779.801   77.8882   930.759   1120.87   11300.4   164.423   
0.199933  18.8685   101642    711.389   91.437    902.114   1120.22   11767.2   248.989   
0.192815  1783.6    92938.2   780.702   86.1312   910.518   1120.72   10211.2   135.708   
0.194403  1505.59   90193.3   769.634   91.9453   964.638   1121.33   11603.1   235.094   
0.187137  30.6441   90957.8   806.764   88.9257   981.058   1120.13   11352.1   192.38    
0.191721  37.0082   99800.8   808.534   97.2614   951.006   1120.52   10436.3   151.822   
0.194648  2.97754   100585    760.305   96.9422   931.54    1120.21   9790.19   177.302   
0.193912  276.291   81573     799.133   88.3977   938.636   1120.56   10914.4   158.13    
0.197105  112.713   93563.2   799.202   100.742   965.511   1120.96   9818.04   175.897   
0.197179  986.078   88049.5   760.862   88.235    946.145   1120.01   10466.7   207.845   
0.191836  88.7843   98696.2   772.023   97.8137   930.592   1120.21   10881.3   176.1     
0.196098  4315.43   83952     713.679   89.2768   877.689   1120.17   10107.4   175.371   
0.192484  247.491   107148    811.209   97.4572   959.472   1120.53   11134.1   169.187   
0.199261  15.1728   85903.9   745.332   85.6223   909.141   1121.06   12886     232.184   
0.197912  804.386   89533.7   760.632   86.5688   925.377   1120.58   11439.2   203.047   
0.197527  165.292   77398.5   783.914   82.6216   960.194   1120.68   11441.9   217.082   
0.183693  43.9902   103860    710.037   96.1735   855.029   1120.06   11201.1   152.245   
0.198518  442.66    80239.3   784.501   82.5913   912.443   1120.41   11256.4   156.253   
0.199955  857.715   85264.5   733.324   80.1076   879.277   1120.01   11188.8   179.4     
0.192996  231.608   96113.2   709.169   91.4138   881.535   1120.23   12739.7   225.668   
0.189158  129.93    80799.7   759.691   57.4105   957.354   1120.87   12459.1   241.511   
0.19985   186.235   89378.1   787.733   91.6713   896.995   1120.1    10495.1   126.687   
0.191499  41.7859   82030.6   746.847   81.4659   918.909   1120.75   12504.5   218.215   
0.188323  307.767   84281.1   764.548   80.012    897.317   1120.46   11679.6   151.605   
0.197594  338.791   103927    780.211   99.6041   932.027   1120.22   10455.3   171.463   
0.197166  23.9441   86487.7   736.581   65.3529   921.866   1120.08   10118.3   201.81    
0.195541  39.1736   94477.9   724.873   100.603   873.103   1120.12   9553.93   150.577   
0.195828  27394     92953     766.541   73.0897   876.365   1120.76   11255.9   128.854   
0.183231  833.248   81215.9   703.101   95.6901   853.926   1120.82   12150.3   169.732   
0.18671   6.26951   98802.2   775.19    89.3123   886.633   1120.09   9557.13   103.532   
0.192557  5.52445   88070     763.388   89.3931   959.292   1120.04   12740.7   257.538   
0.186905  381.719   103724    740.004   86.7947   855.025   1120.48   11673.9   129.446   
0.197139  6869.53   91416.4   716.239   97.6369   834.175   1120.19   12590.4   158.138   
0.193298  90.7739   87124.3   785.066   89.6827   898.394   1120.12   12841.1   150.294   
0.191012  184.957   76657.8   767.729   83.5899   923.71    1120.63   10353.7   162.927   
0.197426  24.9137   85191.8   725.823   85.0887   916.821   1120.04   10161.7   210.074   
0.19455   335.074   86880.2   770.6     95.4634   961.048   1120.42   9674.61   193.076   
0.180189  39.4361   86238.7   774.406   88.0046   935.74    1120.2    9632.63   140.308   
0.189294  936.476   96198.1   801.377   84.3986   990.845   1120.44   10693.6   200.109   
0.181434  525.721   89500.2   786.632   82.3497   918.236   1120.38   12587.3   150.216   
0.198291  23.1756   89695.4   736.792   83.1609   926.125   1120.23   10685.5   220.714   
0.196729  33.9276   89830.9   811.758   78.5876   934.379   1120.59   12852.6   168.546   
0.183407  286.174   82153.8   700.392   89.5181   883.2     1120.26   12494.8   212.197   
0.198374  2275.35   78751.5   752.381   76.1189   868.938   1120.07   12865.6   161.044   
0.187494  213.944   96973.8   736.877   105.066   871.814   1120.35   10806.1   142.122   
0.197898  245.132   91429     801.032   99.3493   917.158   1120.01   11481.4   144.385   
0.184595  119.239   91828.6   793.4     95.4464   971.293   1120.54   11841.6   198.818   
0.183732  6.98615   86601.2   721.613   83.3735   826.89    1120.1    10629.3   105.214   
0.187715  595.761   100906    730.351   84.386    892.27    1120.12   10543     166.079   
0.185929  809.286   96279.4   779.2     83.532    911.146   1120.33   12496.7   156.806   
0.177361  100.32    106532    800.65    97.1574   925.38    1120.01   11570.8   126.006   
0.197451  1121.57   95631     704.966   94.3257   868.616   1121.75   12976.8   227.177   
0.199731  452.284   95904.1   803.125   79.9196   1001.51   1120.77   11578     251.819   
0.195941  5.38702   97075.8   818.98    94.6088   1016.72   1120.11   12933.7   273.268   
0.19768   3.45488   84008.5   711.219   93.9644   866.787   1120.83   12247.3   207.337   
0.19736   8.77905   85173     804.576   101.301   928.124   1120.02   10488.9   140.622   
0.19943   678.665   81679.8   701.357   91.847    807.529   1121.18   9729.12   113.383   
0.189913  580.996   104733    800.249   83.3603   932.974   1120.25   11608.1   153.076   
0.198088  109.156   85224.1   813.563   83.2249   981.161   1120.39   12177     220.97    
0.197217  98.534    76778.1   819.334   85.2662   1011.08   1121.6    11570.6   238.212   
0.193176  24.7785   88910.2   770.528   97.6217   925.79    1120.11   10252.7   165.205   
0.198542  94.8245   86025.2   706.048   95.9265   870.718   1120.59   9793.83   176.274   
0.184626  442.142   85821.8   763.165   97.7311   866.97    1120.01   11117.1   108.869   
0.193372  132.807   78162.6   811.485   84.5175   972.589   1120.37   11034.4   183.776   
0.17608   234.13    71116.5   700.902   67.4859   807.711   1120.33   10953.3   100.094   
0.194281  90.9063   92893.5   777.886   107.342   881.846   1120.72   11600     126.182   
0.193794  152.127   90692.8   700.934   95.182    814.518   1120.05   12793     150.801   
0.190873  62.039    71939.8   724.821   83.6636   920.916   1120.62   11968.8   236.532   
0.193019  146.414   90810.5   705.008   82.2676   901.783   1120.52   12860     259.845   
0.1938    133.476   99807.5   760.101   92.0654   880.265   1120.17   10444.3   130.574   
0.193001  0.507577  93460.1   810.796   86.5522   926.756   1120.48   11816.7   142.797   
0.190124  281.024   81677.9   817.127   89.9104   1012.42   1120.12   12476.9   243.056   
0.186485  212.41    85529.6   731.215   87.5462   880.935   1120.06   12110.9   174.234   
0.193999  212.019   93939.4   815.128   76.3095   991.23    1120.02   11948.7   218.111   
0.195295  24.6631   92077.1   741.345   89.7492   920.219   1120.57   11390.6   215.608   
0.179468  9.28992   91769.4   815.812   84.0663   1009.46   1120.62   11833.3   205.272   
0.197375  124.633   70999.8   760.225   82.9641   895.466   1120.87   10202.8   148.613   
0.193628  334.772   88796.9   715.981   96.6704   865.594   1120.19   11134.7   172.678   
0.197588  1412.22   82883     795.739   82.0243   964.191   1120.28   10669.3   192.886   
0.194196  4.01867   78205.1   774.297   94.7621   936.917   1120.05   12293.3   210.07    
0.197626  185.377   89613.8   758.343   72.6419   888.068   1120.33   9865.31   137.923   
0.19975   110.936   82173.7   810.191   90.0299   953.052   1120.24   10037.5   158.464   
0.195847  46.3925   79138.6   766.717   88.4653   937.49    1120.34   9518.76   173.092   
0.199552  1118      105702    811.115   88.2028   929.96    1120.36   9777.55   127.581   
0.196777  805.72    76177.1   797.367   75.822    969.547   1120.43   11077.6   202.82    
0.199984  13.3968   81156.6   744.434   91.2438   876.227   1120.61   9941.03   145.703   
0.199067  731.18    85729.2   793.731   79.1924   934.926   1121.08   11962.2   183.534   
0.18885   974.16    84665.3   794.377   72.8833   953.8     1120.31   11718.6   182.837   
0.197039  58.8014   96878.1   719.82    96.6417   917.007   1120.15   10936.3   232.218   
0.195289  407.41    78807.8   803.213   94.5051   950.124   1120.4    12675.5   195.719   
0.19623   30286.7   83426.8   816.6     73.848    930.59    1120.37   12421.4   147.774   
0.186597  812.252   91306.7   792.577   82.548    984.09    1120.28   12948.6   237.283   
0.195192  47.5761   87914.7   715.021   82.9396   855.51    1120.14   12525.4   185.417   
0.196539  295.818   107230    761.403   81.836    947.89    1120.47   10478.8   208.276   
0.198255  17.2961   95123.8   716.44    89.0336   904.974   1120.38   10731.2   220.893   
0.199254  3610.04   96940.2   783.363   90.4507   945.568   1120.37   9952.32   176.344   
0.197652  21.9407   80415.3   721.87    75.4289   848.302   1120.14   10146.3   139.017   
0.178403  795.908   92698.4   801.352   86.6706   939.615   1120.04   10696.3   130.108   
0.188957  186.592   87191.9   725.907   94.3729   844.202   1120.15   10420.6   121.958   
0.186329  10.677    96264.1   809.723   74.3426   991.821   1121.03   10228.6   179.672   
0.197632  54.8327   89850.8   732.719   92.2352   859.386   1120.17   9993.28   137.201   
0.196958  125.586   88199.9   733.528   100.764   884.12    1120.6    12543.8   202.615   
0.18977   90.113    84390.6   742.357   80.6362   883.789   1120.19   10069.6   142.078   
0.191114  391.13    79950.1   734.634   99.2235   934.49    1120.69   11398.3   229.956   
0.1784    31.1975   72986.4   742.629   92.0883   846.605   1120.21   12749.3   117.131   
0.187835  531.511   83756.5   819.704   85.3945   964.942   1120.03   10224.9   144.792   
0.199295  8.88293   97422.4   797.448   80.5703   973.089   1120.63   12048.3   233.282   
0.179667  159.39    81840     783.57    61.3752   952.486   1120.04   12873.6   192.929   
0.192722  83.4566   92992     819.88    85.4714   944.863   1120.15   10850.8   139.485   
0.193664  45.1125   85375.2   760.689   82.7049   889.84    1120.36   10715.2   143.841   
0.199606  97.2034   90430.9   763.14    80.4442   902.264   1120.34   11468.2   175.499   
0.18985   595.206   94536.8   754.733   109.44    942.305   1120.44   9670.27   181.235   
0.188574  191.102   78234     804.391   79.4695   955.03    1120.02   12654.6   186.867   
0.18476   11.1927   93212.3   785.87    95.1164   939.347   1120.45   12595.2   183.5     
0.183412  153.044   96283.8   759.358   95.472    902.303   1121      12527.7   166.617   
0.186383  29.4612   89829.2   705.048   89.6868   861.972   1120.08   12898.9   195.018   
0.196749  203.917   90595.1   727.608   84.4314   864.497   1120      11082.5   162.17    
0.197351  19.4577   81707.1   811.228   82.8583   934.256   1120.02   12588.4   167.16    
0.199587  1585.16   92336     774.049   69.3233   972.539   1120.12   9876.26   214.142   
0.195837  4068.41   86856     733.282   89.0794   893.111   1120.44   11323.1   190.489   
0.190784  4.30173   88386.1   785.177   99.1698   927.739   1120.04   10694.6   154.811   
0.198986  432.642   86778.1   751.813   88.4735   893.773   1120.01   9880.03   153.445   
0.199493  14340.9   76208.4   747.838   87.4053   892.716   1120.07   10758.6   169.83    
0.194327  90.3622   79116.2   723.983   77.5423   841.179   1120.2    11193.7   136.884   
0.19977   1418.27   84921.7   715.732   75.9818   907.442   1120.1    11633.1   243.73    
0.190128  17.1504   91477.5   779.379   100.964   971.325   1120.15   10121.3   195.536   
0.191934  8.61448   84463.6   769.96    86.299    968.393   1120.76   12190.4   247.599   
0.191629  25.425    78649.7   804.141   98.4144   977.838   1120.33   10551.4   187.116   
0.196854  127.514   88333.4   813.398   85.0071   941.254   1120.42   12642.1   172.751   
0.195863  38.1806   77800.8   807.419   88.593    922.238   1120.45   10981     134.117   
0.195583  47.275    98681.9   707.925   92.3843   849.246   1120.71   12915.7   193.189   
0.199988  207.121   89930.8   730.271   86.5593   911.994   1120.62   9549.41   191.948   
0.191515  429.993   85962.8   801.649   82.3903   944.869   1120.84   12895.5   186.187   
0.189476  931.719   91136     709.679   92.6145   863.614   1120.67   11845.5   180.37    
0.190449  13.0901   90002.3   747.03    82.7154   929.481   1121.02   9677.69   178.051   
0.184194  238.138   92802.1   753.615   101.476   953.359   1120.41   11937     223.965   
0.194782  542.939   86670     711.337   96.2775   826.14    1120.74   9858.12   118.729   
0.198839  75.4957   94426     761.787   86.0273   910.316   1120.71   10517.7   170.946   
0.197186  855.738   97664.4   768.087   84.0661   887.441   1120.22   10595.3   135.413   
0.197682  212.31    92704.8   761.319   95.2169   878.763   1120.05   9838.75   125.078   
0.194446  640.859   89364.3   781.656   87.6868   903.517   1120.51   12214.2   154.835   
0.18597   12.0882   92878.2   776.979   81.5969   973.848   1121.06   10810.8   204.528   
0.198329  27946.5   74542.4   739.646   100.418   936.223   1120.39   12277.7   259.581   
0.196482  7448.35   96448.4   751.09    94.9486   879.157   1120.44   10615.8   144.229   
0.19485   134.956   99318.6   744.202   92.3992   893.379   1120.11   10700.1   167.817   
0.190967  285.16    90743.4   701.407   75.017    854.655   1120.11   10239.5   157.934   
0.188534  86.1818   84917.2   747.48    102.276   882.822   1120.55   12083.9   161.131   
0.190274  2.88062   89241     717.535   102.698   881.063   1120.31   10160.3   167.953   
0.187603  65815     86253.5   805.002   65.4948   983.825   1120.11   12060.2   205.297   
0.184677  290.024   94106.5   775.859   89.4018   904.068   1120.63   12227.4   147.625   
0.199714  302.972   96785.8   734.068   93.3973   903.054   1120.6    12043.2   223.801   
0.189187  2362.45   82949.5   818.781   66.9445   938.024   1120.21   9708.66   113.718   
0.197101  316.545   69767.4   791.861   69.8224   903.092   1120.66   11328.4   134.437   
0.182932  81.086    91312.3   739.253   97.3307   867.806   1120.01   10710.9   127.962   
0.194331  7.54295   89551.5   816.686   94.8989   941.362   1120.49   12973.8   169.835   
0.198921  42.4246   85004.2   785.101   100.039   963.146   1120.47   9993.91   195.561   
0.194442  438214    100310    776.8     89.1253   902.93    1120.38   11935.2   154.482   
0.181874  286.907   91348.8   737.547   86.546    863.159   1120.48   12588.1   144.364   
0.184388  50.017    91673.3   736.403   90.0716   898.182   1120.3    11929.4   181.952   
0.187948  23.6758   90731.6   811.782   94.4292   927.175   1120.59   10069.3   114.139   
0.179522  86.8411   85579.9   806.507   88.9702   1002.42   1120.38   10778.1   188.782   
0.188103  7218.96   75172.5   712.305   95.228    902.923   1120.1    12190.5   225.779   
0.180208  78.2575   83846.2   725.663   76.9051   850.399   1120.92   11120.2   124.662   
0.196451  153.979   85533.8   718.353   104.889   824.521   1120.73   12533     142       
0.186167  2117.56   69449.4   777.44    80.0272   967.393   1120      10957.4   198.414   
0.186512  464.99    86007.6   719.487   87.5887   857.932   1120.39   11827.5   157.143   
0.189363  87.135    98120.4   801.129   87.2517   948.389   1121.11   10795.9   157.831   
0.179301  12.7107   74768.8   715.187   86.4482   909.557   1120.19   10917.3   189.857   
0.180949  4241.31   83421.6   741.89    86.3213   901.914   1120.01   10765.6   155.369   
0.190175  307.674   95571.3   738.305   98.297    843.068   1120.71   9756.78   102.415   
0.197248  91.5794   112920    807.629   119.226   990.629   1120.46   12485.8   246.5     
0.19728   233.926   84728.2   714.289   88.0315   845.112   1120.44   10375.4   146.002   
0.190724  174.875   88525.9   717.641   95.6008   829.564   1120.25   9886.48   111.599   
0.197194  245.391   93821     703.153   85.1879   817.793   1120.09   11429.1   140.567   
0.198567  64.7041   90900.2   755.925   84.089    896.975   1120.68   12608.8   193.618   
0.197581  882.783   80408.7   713.066   75.5498   909.167   1120.51   9616.19   202.62    
0.19896   1829.63   93801.7   782.594   86.5158   909.922   1120.85   10855.5   150.314   
0.195108  6.1254    86057     710.877   94.3367   849.277   1120.21   10292     151.101   
0.194819  94.0399   88644.7   813.262   91.276    941.424   1120.21   9890.18   133.405   
0.199627  5527.24   78100.4   769.667   87.3318   875.266   1120.42   9882.38   114.253   
0.192525  238.428   82265.7   700.448   78.3398   817.35    1120.26   12498.8   149.073   
0.187052  126.051   84709.1   819.155   80.0964   980.299   1120.48   11827.7   184.207   
0.194327  3.48083   89379.2   800.168   84.8998   982.113   1120.16   11367.2   217.625   
0.193012  14.3552   78224.1   784.674   73.3467   982.468   1120.77   10507.5   214.822   
0.199123  534.107   88960.7   710.436   102.527   831.735   1120.15   12547.5   166.402   
0.196344  408.04    85912     811.168   87.5891   993.168   1120.17   12389.3   239.338   
0.194268  222.075   88567.6   710.882   101.038   887.896   1120.53   10218.6   189.122   
0.194794  105.866   83350.5   805.228   90.3488   921.751   1120.8    10651     130.362   
0.199328  355.872   94110     798.542   90.6939   921.271   1120.74   10014.6   134.909   
0.195833  351.882   90921.6   710.903   94.3249   886.747   1121.29   12455.6   231.419   
0.196234  160.689   89506.2   813.757   98.223    969.456   1120.2    12365.4   204.942   
0.196667  404.098   86600.9   718.88    79.8822   862.734   1120.14   11602.2   177.65    
0.198654  2313.77   80835.3   787.015   86.3815   948.622   1120.78   12081.3   211.1     
0.193422  21.1038   78487.1   783.344   81.8497   919.872   1120.1    11607.3   164.457   
0.199818  47.218    89361.6   770.136   83.4039   899.137   1120.6    11447.5   163.118   
0.193198  673.022   89100.7   705.876   84.0749   892.094   1120.12   11135.5   213.241   
0.186669  16.8292   82809.7   807.925   83.3038   952.018   1120.52   9928.61   138.609   
0.194457  310.594   93029.5   742.844   83.6401   887.073   1120.46   10157.1   153.004   
0.193023  43.9715   86906.4   737.236   79.5878   893.312   1120.61   11225     180.69    
0.189777  3419.01   82093.6   813.3     74.2259   948.177   1120.62   11966.9   158.928   
0.181184  38.8973   89163.1   778.424   76.2732   925.427   1120.52   12081     161.442   
0.186027  462.152   91439.8   744.244   95.8682   872.761   1120.12   10734.9   132.117   
0.190604  16.9139   91056.1   760.263   77.2639   943.678   1120.41   9611.38   177.969   
0.199833  508.638   95816.5   807.749   96.3215   951.043   1120.12   11206.6   176.973   
0.198335  533.712   87727.2   807.266   74.0759   959.755   1120.68   10615     175.017   
0.19207   42.296    101346    755.826   103.059   917.471   1120.96   12622.3   208.678   
0.189216  381.473   88189.7   819.752   78.0636   979.946   1120.21   12679.9   199.999   
0.19374   141.279   83293.5   703.992   82.1993   865.095   1120.29   11476.2   191.651   
0.191357  13401.1   89331.5   798.625   96.0036   950.457   1120.15   10057.2   153.877   
0.19713   151.73    84172.9   768.276   84.4859   948.181   1120.25   10632.5   205.476   
0.199837  706.59    105009    755.603   101.644   857.132   1120.11   9910.67   111.123   
0.194475  31.0771   87964.1   725.683   89.1393   910.89    1120.45   10297.7   200.264   
0.183335  55.4617   84366.4   734.321   102.885   865.295   1120.29   10600     129.711   
0.178326  3.79599   92671.9   757.893   85.3991   941.01    1120.08   10080.8   163.808   
0.195431  169.816   101177    777.598   101.995   886.393   1120.22   10385.5   119.618   
0.187611  2751.49   82682.6   778.493   83.359    899.94    1120.03   11188.2   131.486   
0.199015  493.535   94369.7   740.82    104.735   853.545   1120.01   12606.7   155.292   
0.187201  120.014   89149     793.758   79.6653   904.726   1120.65   11287.7   121.317   
0.190687  273.085   98684.3   706.489   94.706    844.213   1120.53   11996.7   165.957   
0.196589  74.5781   92616.7   747.813   93.6121   851.233   1120.4    10006     110.923   
0.194615  196.819   71312.9   785.729   80.6736   936.353   1120.61   12684.2   199.198   
0.195687  69.8066   92901.5   725.833   74.0159   890.532   1120.01   12243     213.042   
0.197909  93.3617   91723.2   710       109.188   837.979   1120.02   10216.5   142.214   
0.187586  712.265   106653    802.247   87.5085   982.966   1120.11   12541.4   219.61    
0.195548  13.2975   88764.2   784.65    94.2193   950.415   1120.23   12770     224.807   
0.185604  553.248   79000     726.724   81.4177   827.31    1120.37   11046.1   105.564   
0.199852  326.207   81917.7   757.835   82.5575   907.564   1120.18   10922.6   180.05    
0.189499  3058      105612    775.757   92.827    912.486   1120.14   11054.7   149.463   
0.198977  165.724   91401.8   815.784   91.4811   949.285   1120.08   9771.48   143.044   
0.197884  135.845   76374     756.217   92.3934   937.653   1120.15   11431.9   224.614   
0.196627  205.879   87869.4   804.851   83.2737   961.403   1120.01   12510.6   208.632   
0.195833  170.27    101740    731.789   82.8599   851.061   1120.55   9562.09   121.008   
0.198479  40.0373   83127.3   745.309   100.088   863.147   1120.22   10816.1   139.404   
0.196486  1202.92   87104.4   733.658   79.7401   865.418   1120.18   12727     177.311   
0.195047  303.333   87699.9   818.688   77.5077   932.777   1120.27   9697.83   116.222   
0.18123   2.42829   88794.7   770.708   80.9198   911.808   1120.48   11027.9   142.555   
0.177519  23.7622   86722.2   750.881   87.7671   858.069   1120.1    10935.7   102.721   
0.189721  2510.04   91503.9   703.455   102.04    833.523   1120.48   12898     166.102   
0.178274  1186.01   89936.3   807.168   79.0145   915.068   1120.01   11316.2   106.935   
0.180955  118.436   83940.1   803.355   82.1443   916.198   1120.12   12883.2   131.558   
0.196389  34.0318   88782     791.673   96.2271   892.971   1120.72   11788.7   127.719   
0.195796  19.1281   101812    702.927   85.4411   862.16    1120.3    12193.5   206.419   
0.190328  46.908    85403.6   743.998   86.1192   895.948   1120.33   11342.5   173.04    
0.196585  434.68    80540.5   802.765   96.6524   975.248   1120.46   12731.4   233.85    
0.19112   33.0409   100741    727.829   103.474   874.073   1120.4    10505.3   156.023   
0.185349  5704.62   78893.3   814.259   78.3603   923.594   1120.26   11614.5   119.53    
0.186587  101.92    86016.8   743.529   87.1153   900.896   1120.12   12710.4   192.554   
0.193607  569.255   88607.3   804.689   96.4998   927.085   1120.36   9818.68   124.621   
0.196637  65.3481   92876.7   797.445   96.3098   980.823   1120.26   11270.3   221.502   
0.196098  166.613   73824.4   779.297   82.9674   968.962   1120.09   11819.3   237.853   
0.190214  17.3235   102192    783.371   110.696   884.42    1120.26   11970.9   121.776   
0.187752  462.23    108181    793.737   101.68    937.255   1120.32   11484.2   160.692   
0.194365  44.5696   96942.1   765.376   85.9135   870.326   1120.46   11944.3   131.109   
0.197894  50.3961   76150.5   784.784   88.3219   948.068   1120.1    10276.1   182.246   
0.199077  15081.4   89858.3   771.265   87.8016   877.985   1120.28   11614.1   134.219   
0.187304  7311.75   96747.3   711.672   101.681   869.939   1120.16   12362.6   188.711   
0.191942  9.3094    83776     739.489   96.8196   900.875   1120.34   12439.5   205.711   
0.197069  6.50204   101300    723.744   91.872    871.687   1120.21   10057.9   160.995   
0.190117  118.621   95967.2   813.549   95.9977   966.037   1120.1    11993.6   183.026   
0.196363  3234.96   100691    742.974   91.0057   878.111   1120.53   10928     156.505   
0.191805  1557.47   93583.1   728.319   87.8728   916.786   1120.12   9699      185.58    
0.190701  316.848   84911.3   799.844   72.7983   923.156   1121.09   12833.3   157.921   
0.198457  199.484   84940.1   780.527   94.3952   967.984   1120.29   12339.5   251.478   
0.193517  645.719   88827.1   716.22    82.8218   888.458   1120.69   9839.22   175.085   
0.186873  215.984   116456    719.12    97.3787   834.394   1121.02   11220.4   124.998   
0.191691  2.60793   99083.6   749.985   73.2188   871.07    1120.17   12792.2   158.441   
0.198276  1533.41   90192     766.318   89.1035   914.488   1120.57   10447     167.521   
0.195008  775.533   87079.2   815.22    96.8993   975.941   1120.63   11560.4   194.806   
0.199659  63.7709   77225.7   702.268   89.4603   830.505   1120.1    12252.2   173.233   
0.19603   143.916   83616.4   720.469   88.9691   859.146   1120.16   11312.1   166.668   
0.187317  209.627   102744    751.589   92.6352   866.034   1120.49   11950.1   132.661   
0.185615  66.932    91306.8   780.963   100.991   976.972   1120.9    10850.4   203.388   
0.198865  142.549   89219.5   778.289   73.8392   962.559   1120.38   11532.4   231.459   
0.188782  28.2422   102302    814.209   82.0494   914.384   1120.28   10094.7   100.083   
0.185501  1383.42   97475.1   732.543   88.2578   851.309   1120.62   10621.4   119.717   
0.194036  93.8723   85733     787.249   83.3411   896.166   1120.5    12606.6   142.699   
0.183765  525.202   86588.4   798.366   86.1564   994.761   1120.53   10280.9   188.47    
0.195264  1432.92   88047.6   708.62    69.1641   861.577   1120.11   9635.39   154.346   
0.197239  202.65    81865.3   756.059   87.9804   862.276   1121.42   11192.6   127.611   
0.192684  474.477   83264     704.938   79.5481   831.88    1120.17   9846.34   128.094   
0.194443  31.9551   81031.6   713.224   95.9268   828.352   1120.13   9644.32   116.728   
0.189731  108.779   89382     767.879   87.2326   886.648   1120      12467.2   147.361   
0.195404  9308.83   91241.2   795.862   99.6531   917.938   1120.9    11930     152.5     
0.194587  5526.4    99164.6   739.019   89.1216   934.45    1120.33   11543.4   234.265   
0.195259  36.9442   78882.6   783.728   86.3092   887.63    1120.25   12307.5   135.007   
0.19747   942.506   86935     816.871   87.4301   975.32    1120.13   9870.94   168.25    
0.193967  452.251   85426.7   806.054   96.3135   921.978   1120.5    11055.7   133.199   
0.199321  1931.58   74322     789.024   83.5931   984.314   1120.01   11021.9   234.82    
0.194689  259.558   78163.8   722.694   77.9708   840.754   1120.47   10131.6   125.139   
0.194885  147.42    84789.5   769.753   89.4845   911.622   1120.2    10032.5   149.714   
0.176904  132.504   91332     709.289   85.3569   851.831   1120.61   9765.28   120.844   
0.190772  185.008   94273.9   706.073   91.8778   821.658   1120.5    10464.3   121.868   
0.198805  280.848   85542.4   719.895   95.974    820.313   1120.09   12751     139.564   
0.193001  1645.26   83250.9   736.975   88.3168   853.236   1120.5    11189     133.312   
0.1993    121.144   86137.5   804.738   91.3364   980.494   1120.38   10788.4   208.387   
0.195663  352.707   87952     781.879   81.5923   901.602   1120.92   10501     132.708   
0.195457  431.252   73028.5   748.042   81.9435   903.334   1121.1    10026.2   164.046   
0.199783  6.13729   98500.4   755.472   90.2543   876.677   1121.05   11750.7   158.048   
0.195805  7317.09   78514.8   761.792   88.6515   899       1120.12   11568.3   166.754   
0.199387  66.0754   74333.1   757.741   70.4318   946.302   1120.17   9825.07   203.633   
0.197434  93.536    80005.8   774.503   80.5409   893.123   1120.59   12775.4   162.836   
0.196731  177.311   103110    786.257   92.348    940.369   1120.29   10497     173.26    
0.179466  301.064   99545.5   745.857   87.0529   944.677   1120.36   12632.2   223.366   
0.190139  164.282   87226.9   789.917   77.2357   920.258   1120.57   11707.7   152.153   
0.184228  1.43393   78257     761.503   84.0019   953.463   1120.24   9963.69   181.377   
0.199704  716.88    93370.9   722.174   89.9779   836.617   1120.16   9689.35   122.111   
0.196101  41.4034   81268.6   717.38    96.9151   838.28    1120.33   11945.3   153.99    
0.18137   1144.15   101261    776.001   100.83    945.66    1120.28   10353     159.921   
0.185247  57.1236   102277    719.511   90.4707   907.909   1120.22   10551     189.359   
0.192008  5470.89   109430    787.987   118.131   947.109   1120.44   10089.6   163.601   
0.192849  37.1134   81208.8   806.835   94.9869   986.392   1120.33   10137.8   188.084   
0.195313  29.739    87464.6   703.168   86.5436   806.766   1120.12   10049.3   110.289   
0.196718  40.083    95372.9   703.939   95.5839   807.46    1120.15   10011     111.406   
0.18972   29.4721   91375.8   731.574   83.23     838.357   1120.8    12713.6   135.293   
0.191899  25.5064   86239.9   771.072   83.0848   951.493   1120.51   10422.4   192.208   
0.195038  4.73193   84820.8   762.633   73.9805   922.114   1120.63   10283.3   173.585   
0.189547  694.986   93262.8   727.603   86.4102   857.749   1120.1    12160.5   156.578   
0.188409  52.2635   89956.3   711.202   90.9277   858.015   1120.15   9864.95   142.808   
0.191436  78.2485   84327.5   815.067   99.3649   1009.19   1120.62   10900.4   215.082   
0.189978  22.4781   91547.4   737.488   100.157   914.728   1120.47   11287.2   200.703   
0.191912  139.07    97559.8   735.402   86.056    910.731   1120      12611     224.851   
0.191577  67.3512   91328.8   782.081   90.8247   957.055   1120.27   12364.5   219.796   
0.196939  4.47972   75996.5   801.632   75.6423   923.384   1120.56   9760.24   128.319   
0.199633  2225.37   88433.4   815.23    83.1598   932.348   1120.8    10919.2   139.812   
0.19644   59.8684   82553.6   788.692   91.5346   988.164   1120.35   11785.1   251.182   
0.188935  485.17    82281.3   799.341   75.0603   964.005   1120.04   11567.2   187.098   
0.190378  821.159   92416.9   795.038   109.788   912.376   1120.7    9763.7    115.013   
0.191556  326.842   95039.3   782.036   89.214    900.366   1120.34   11237.3   134.749   
0.192892  4.6577    90116.6   794.33    80.5385   903.1     1120.21   9590.17   108.165   
0.195371  32.3867   76709.2   713.671   84.0143   817.065   1120.25   9908.86   108.551   
0.189489  31.0079   101556    708.448   82.6949   880.153   1120.14   10626.8   181.839   
0.187921  3114.87   102540    750.174   81.2816   915.867   1120.05   10942.8   175.962   
0.199565  523.662   93632.7   775.313   90.8143   939.893   1120.05   12718     229.317   
0.171894  521.123   93785.5   786.402   97.3641   964.297   1120.18   10529.3   153.464   
0.19095   1774.33   88685.4   794.466   107.069   953.91    1120.05   11741.5   188.387   
0.182999  78.6004   92536.6   744.892   87.7725   924.499   1120.4    12918.9   215.01    
0.19924   2375.85   96207     746.469   94.452    885.85    1120.54   12648.7   191.935   
0.191946  12363.7   94928.2   730.32    89.7303   891.37    1120.18   12417.7   201.559   
0.199301  130.715   93734.8   736.983   85.9783   845.806   1121.2    9586.32   114.637   
0.190765  65.5682   89946.4   728.157   88.0674   844.048   1120.26   12867.5   150.103   
0.194013  4.36954   94181.4   812.831   89.3507   993.97    1120.02   12327.4   234.069   
0.199994  1436.73   86261.1   784.236   87.6552   963.605   1120.43   11471.1   226.063   
0.199563  181.569   98622.5   743.901   91.4087   847.491   1120.11   12649.3   143.949   
0.192045  82.0043   111026    723.946   91.358    915.359   1120.85   12405.4   242.185   
0.197045  112.513   105534    752.094   84.9738   945.065   1121.06   12544.5   259.18    
0.188842  108.803   105892    737.839   92.5275   912.981   1120.7    11537.6   199.489   
0.187393  144.405   92192.6   813.397   79.4684   934.51    1121.1    12247.1   143.655   
0.191894  550.702   86042.6   762.477   90.3659   894.112   1120.22   12374.3   165.249   
0.192937  246.026   87951.8   711.227   71.1796   861.373   1120.53   9875.39   152.237   
0.195819  333.095   84121.6   752.518   91.9836   888.892   1120.29   10398.8   150.326   
0.189074  10.0412   79264.1   708.395   71.8001   860.327   1120.06   11506.7   173.532   
0.190038  88.815    100928    720.418   83.8602   823.397   1120.58   12728.7   130.747   
0.190496  27.9634   99851.1   726.714   85.7973   879.718   1120.07   10673.7   164.569   
0.164467  138.456   84063.7   712.368   102.705   842.285   1120.04   12444.2   121.462   
0.188753  476.448   88757.4   736.4     86.4034   879.286   1120.48   10814.8   151.993   
0.192203  256.905   100254    734.812   110.712   924.895   1120.4    12280.1   238.649   
0.190512  88.2021   93454.2   750.1     81.1259   921.103   1120.44   9762.65   167.884   
0.191904  801.432   90530.7   787.882   89.9675   964.538   1120.92   9851.82   176.976   
0.191913  6261.86   92244.4   793.499   90.4647   948.983   1120.88   9707.61   153.006   
0.195476  855.907   80249.1   799.597   72.5234   957.924   1120.25   12817.7   212.1     
0.186614  11.332    97680.7   796.391   93.3889   921.718   1120.03   12225.3   148.421   
0.195756  13603.3   73647     720.018   84.5702   881.779   1120.86   9903.63   168.306   
0.197411  240.972   77128.2   735.455   99.4374   861.438   1120.89   12521     169.656   
0.194603  1524.44   94147.3   709.418   83.2951   851.375   1120.23   10817.6   159.94    
0.196183  13.4257   103172    763.002   90.2713   905.07    1120.66   11955.9   181.517   
0.190073  149.729   99725.9   786.852   100.166   970.347   1120.18   10395.5   191.136   
0.191892  306.211   74221.8   762.666   86.4972   921.311   1120.44   11522.9   185.738   
0.194745  773.588   86055.8   799.59    96.2369   979.008   1120.18   12095.4   226.822   
0.194881  200.97    82431     797.527   85.3109   932.051   1120.11   9748.75   137.839   
0.190864  75.4      87583.8   805.156   92.2242   911.061   1120.05   11446.3   122.384   
0.197369  2245.17   92054.5   718.103   94.1644   916.406   1120.35   12136.6   257.498   
0.18977   436.363   96228.8   751.257   75.6878   904.927   1121.38   12651.8   192.158   
0.19976   62.4172   85321.5   712.523   86.3096   862.488   1120.27   12571.7   207.873   
0.184999  6466.13   87764.7   814.251   74.9228   926.98    1120      12308.6   129.792   
0.197365  974.469   94600.4   801.977   100.025   971.548   1120.3    10887.2   198.465   
0.196276  56.0998   82022.1   795.566   86.4762   954.987   1120.01   10865.1   184.91    
0.197978  1221.01   93955.5   816.82    82.2815   989.213   1120.53   11576.5   214.695   
0.194755  96.1061   97639.9   742.044   94.8949   935.605   1120.78   10375.1   211.084   
0.197383  566.636   96829.3   751.401   93.3635   883.563   1120.22   12875     182.431   
0.173473  26.232    55590.2   793.909   72.9991   904.841   1120.41   10501.4   97.3515   
0.197335  1460.92   87443.3   758.113   92.4061   954.427   1120.27   10264.7   216.33    
0.190158  181.743   107096    780.837   104.884   920.835   1120.25   11165.1   156.659   
0.185968  397.992   84559.1   757.164   78.5444   947.603   1120.82   12022.1   217.984   
0.197076  431.177   75870.2   754.954   81.6403   933.552   1120.07   11950.8   228.058   
0.193306  27556.9   82042     726.073   79.4164   882.014   1120.37   11455.3   181.975   
0.19124   7424.79   97248.4   809.557   102.655   996.605   1121.4    10902.7   205.186   
0.186544  154.639   93837.1   746.817   93.4721   930.344   1120.37   11382.8   201.284   
0.181972  208.889   91756.9   707.914   79.5777   886.058   1120.47   10323.3   168.468   
0.192182  250.832   100395    790.272   90.9567   897.243   1120.48   9875.15   108.004   
0.190569  14.9121   81875.4   740.695   91.3308   927.362   1121.1    11882.3   223.668   
0.185243  12.0314   84849.9   740.642   87.1112   883.412   1120.43   9843.61   134.249   
0.181042  5.50631   99910.2   727.4     99.8455   863.389   1120.21   11478.2   142.658   
0.18827   144.895   96451.4   819.434   79.3699   960.742   1120.25   10073.3   139.629   
0.193277  0.922933  85466.9   708.153   74.7815   883.449   1121.18   12913.1   235.879   
0.199801  2.00109   92272.3   744.602   96.8617   921.072   1120.57   12721.4   249.906   
0.182333  463.934   80288.7   731.471   94.6519   863.444   1120.36   11918.2   144.51    
0.196439  28.4685   79711.3   702.803   85.6073   890.543   1120.24   12621.6   253.224   
0.197586  100.349   81019.6   766.663   80.2693   891.816   1120.61   9672.48   130.78    
0.196834  70.3081   93351     740.483   94.9826   916.578   1121.37   10886.5   205.686   
0.19879   144.789   83504.7   800.597   79.033    915.157   1120.09   11534.2   144.009   
0.195797  663.544   94316.7   702.78    96.5142   889.67    1120.54   9760.27   193.336   
0.195448  3707.24   67788.5   734.715   87.7649   890.649   1120.1    9642.74   158.179   
0.198349  1104.46   93144.7   763.141   92.4702   955.331   1120      10680.7   222.629   
0.188855  11.9352   71270.2   795.408   76.7152   975.032   1120.25   12344.8   219.458   
0.185039  23.049    79142.3   773.752   83.6926   944.985   1120.49   11807.7   192.099   
0.187033  350.58    100403    770.193   89.1585   905.682   1120.87   12053.4   157.61    
0.1978    289.609   78203.1   741.628   80.291    856.063   1120.25   11176     137.879   
0.184546  7.84333   87414     795.167   82.0109   933.57    1120.45   11590.5   151.96    
0.178476  87.7461   102802    736.871   104.058   875.731   1120.55   10471.3   128.712   
0.197826  32.6897   81471.5   767.399   86.744    883.69    1120.25   11282.2   142.339   
0.191202  21.8113   74207.5   723.989   82.2385   876.922   1120.77   12406.5   192.191   
0.190712  180.91    92160.3   707.427   99.5572   891.128   1121.08   10763.7   199.135   
0.191672  220.794   90934.7   784.726   77.6496   960.252   1120.05   10258.3   182.752   
0.185475  7143.93   81162.2   730.516   96.6893   927.473   1120.06   9756.93   182.434   
0.196193  16.3956   88203.1   739.065   96.9316   855.085   1120.89   10505.3   130.415   
0.195748  11.9832   88828.5   703.095   89.7738   901.81    1120.71   12661.4   267.589   
0.185493  316.056   99520.8   772.156   91.8424   881.8     1120.46   9897.82   103.423   
0.19843   9.76488   88140.7   728.332   80.1472   834.103   1120.5    12271.9   141.808   
0.194827  148.021   94552     745.853   91.536    911.241   1120.11   11336.1   196.857   
0.187065  1099.38   107009    720.888   95.8045   849.177   1120.86   12277.9   151.851   
0.199201  2.34644   88152.7   764.109   82.465    897.141   1120.58   10492.3   154.423   
0.198201  989.842   93524.4   753.581   98.3881   895.611   1120.12   12745.2   195.656   
0.199539  5475.64   84092.9   753.874   89.2669   940.842   1120.63   11975.3   243.968   
0.199536  1322.11   88894.6   791.518   94.3295   963.431   1120.26   10884.2   205.213   
0.191858  6814.36   90577.6   733.61    89.75     859.727   1120.02   12295     156.405   
0.196985  538.633   94006     729.277   83.9745   908.851   1120.59   9920.07   190.698   
0.1929    233.693   104105    775.834   99.002    911.985   1120.45   9735.77   136.712   
0.172207  31.6986   77122.5   712.423   78.2381   823.277   1120.08   9654.85   88.2704   
0.199314  203.991   90475.6   756.786   90.275    907.084   1120.66   10150.7   167.588   
0.198681  359.265   105190    811.973   90.5167   995.498   1120.08   11051.1   220.981   
0.192242  226.36    98167.2   706.368   115.316   823.487   1120.09   12068.9   144.747   
0.196242  576.689   83396.2   703.79    91.3268   845.85    1120.68   10429.7   157.483   
0.18701   26.9812   82963.1   702.956   85.7388   874.053   1120.53   11128.9   184.839   
0.19642   13.5269   99787.2   799.982   98.1675   949.412   1120.12   12315.4   197.328   
0.195204  287.726   94967.4   798.95    84.8472   969.915   1120.98   9799      176.376   
0.192956  2330.45   95324.4   794.333   104.005   958.518   1120.06   9972.11   168.454   
0.192286  8.79843   91585.2   817.193   90.9789   944.846   1120.36   12432.6   163.136   
0.19509   7.51261   84866.4   700.62    73.5623   861.995   1120.15   9867.69   168.575   
0.193807  10.9784   93030.4   816.878   81.3273   1005.68   1120.27   11715.2   230.736   
0.1983    3.25894   104941    734.962   109.208   895.416   1120.4    11584.9   203.896   
0.194553  10348.1   101554    764.686   99.7941   961.439   1120.71   11905.6   243.206   
0.19464   80.6944   72453.8   722.135   86.9878   898.227   1120.01   12753.1   235.125   
0.198437  34.8416   95404.1   732.342   92.628    887.307   1120.41   10695.4   181.099   
0.184679  55.05     90699.5   710.51    93.386    811.36    1120.74   10558.6   100.814   
0.196092  11.6599   72639.9   803.922   89.6045   997       1120.25   11328.3   233.784   
0.195506  518.815   94129     816.634   105.175   1005.85   1120.09   10072.7   201.72    
0.181858  11.0164   80820.5   800.109   85.2174   988.197   1120.58   11259.6   194.802   
0.197407  1.04143   78353.8   726.411   75.9318   852.755   1120.95   12039.4   165.37    
0.169748  200.496   100886    749.778   87.4211   865.301   1120.13   12188     112.36    
0.18108   437.768   83318.5   703.789   94.3232   851.912   1120.47   10972.8   147.469   
0.199157  442.271   80155.8   764.382   78.9135   948.571   1120.81   12586.7   252.249   
0.186658  37.3592   86654.5   707.821   81.2314   884.189   1120.37   9548.21   162.942   
0.194443  252.715   96107.3   794.126   99.1792   957.977   1120.58   12664.1   216.597   
0.185918  14.7728   98053.1   784.442   91.1718   912.374   1120.2    10486.7   129.049   
0.198739  661.913   82655     708.138   95.3359   873.806   1120.39   10169     183.774   
0.191779  2105.54   84424.3   750.419   87.1119   856.467   1120.18   12067.1   129.26    
0.194975  52.2233   83735.9   761.437   93.4246   924.931   1120.15   11736.2   202.165   
0.192396  2967.06   77466.4   812.024   83.3901   976.496   1120.41   9984.74   167.255   
0.187596  14.5089   82139.2   812.249   74.1361   992.671   1120.69   12066.5   212.411   
0.199662  226.06    82089.9   767.828   86.9283   966.825   1120.05   12445.7   272.05    
0.193404  32.6325   97880.2   734.071   99.8371   892.198   1120.11   10529.7   173.113   
0.192602  486.173   105145    706.187   107.989   844.101   1120.22   9929.47   140.782   
0.197532  10406.1   84324.4   812.99    79.5444   935.157   1120.7    11374.9   147.988   
0.182918  582.502   100023    808.803   89.0146   1007.37   1120.11   10863.6   199.496   
0.198396  1.82482   85103.4   792.769   86.2049   905.314   1120.82   10032.2   124.005   
0.190423  14.0145   87884.6   732.152   84.1942   894.856   1120.03   12278.1   201.14    
0.196156  391.764   89317.7   718.814   93.4049   878.516   1120.4    12022.9   203.731   
0.18857   219.71    95912.2   802.427   91.2072   946.509   1121.26   10869     153.967   
0.197144  232.638   89272.6   759.173   99.8655   915.176   1120.28   11834.5   198.335   
0.196719  1152.75   97641.4   723.769   78.4636   906.16    1120.59   10749.4   208.427   
0.197696  1251.46   100874    717.328   92.5404   915.841   1120.12   9786.11   209.563   
0.197484  754.821   83671.8   702.173   91.8567   899.809   1120.4    10289.7   218.863   
0.196495  536.577   80397     702.573   92.3054   830.357   1120.63   10184.6   138.778   
0.193257  135.33    103820    790.653   94.6802   970.03    1120.22   12273     227.366   
0.192181  1125.94   94998     735.283   90.8324   843.313   1120.63   12728     139.57    
0.198549  147.027   80898.6   787.66    81.6553   946.128   1120.11   10082.2   174.149   
0.172327  3.44233   82232.9   773.886   79.533    876.175   1120.66   10957.4   92.7995   
0.187512  367.547   89495.6   778.904   105.417   886.212   1120.55   9635.7    100.831   
0.188478  6.40277   86825.5   806.232   84.5698   912.001   1120.1    11000.3   115.087   
0.188242  47.2222   101516    781.962   97.2187   955.728   1120.3    11963.1   204.365   
0.188135  73.1942   90552.1   782.204   84.9884   901.956   1120.83   9764.86   114.767   
0.193421  83.7229   88188.2   762.436   91.2801   875.148   1120.55   12957.2   151.008   
0.193682  526.049   95472.8   786.941   88.4363   938.548   1120.02   10824.5   169.918   
0.19699   303.543   93886.1   740.791   91.0449   878.809   1120.48   10370.5   153.504   
0.196537  7.80896   97262.8   766.791   98.1232   921.868   1120.32   11708.1   195.186   
0.190819  327.26    121984    806.997   98.6118   967.419   1120.3    9508.21   153.951   
0.197369  546.101   87749.8   744.427   88.2895   935.477   1121.22   11664.7   238.894   
0.188896  214.342   92972.7   757.787   87.4993   879.552   1120.87   10484.4   125.984   
0.197447  673.941   97231.8   723.415   96.0908   828.075   1120.32   10028.6   113.072   
0.199845  301.792   90181.1   810.385   93.9585   917.858   1120.17   10845.1   128.613   
0.193974  879.723   84019.5   801.588   77.0342   1001.26   1120.34   11384     234.919   
0.192624  8868.96   100582    708.636   102.685   894.157   1120.16   9903.52   187.967   
0.18357   486.592   90998     794.141   93.7272   966.304   1120.27   12438.9   199.235   
0.198341  396.978   95616.1   759.853   90.2593   906.205   1120.05   11010.7   174.956   
0.18133   100.461   85295.5   738.731   84.0492   927.465   1120.54   12137.4   208.381   
0.191837  111.428   92064.7   705.034   85.7918   862.731   1120.46   11211.6   179.977   
0.178188  43.9144   101860    789.013   92.5246   930.971   1120.05   11680.6   146.227   
0.179983  751.481   91877.4   703.59    77.065    859.301   1120.81   10011.3   139.361   
0.183056  19.7288   93662.2   741.048   83.8641   841.084   1120.88   9759.42   90.9528   
0.189582  150.441   86709.8   710.857   92.4737   904.396   1120.25   10768.2   207.468   
0.195656  30.5188   90840.5   706.63    94.2728   894.511   1120.28   12345.3   246.212   
0.193687  64.7124   75995     735.936   100.621   920.61    1120.03   12300.9   236.221   
0.195208  17507.1   80667     708.367   89.4825   903.807   1120.37   11352     231.368   
0.197828  12.0895   84722.4   808.496   93.862    931.575   1120.8    12079.7   161.599   
0.188236  142.285   87920.1   757.974   91.9444   914.104   1120.51   11803.4   180.646   
0.188286  2.76687   79049.6   780.198   76.2649   944.702   1120.44   10323.3   167.84    
0.197397  129.811   98344.1   817.701   90.9974   922.789   1120.48   9606.86   108.997   
0.17568   388.959   81488.4   773.068   78.327    901.09    1120.69   11991.3   130.694   
0.194836  0.71153   93027.7   754.889   85.1844   914.781   1120.31   11290.1   191.608   
0.183831  10740.8   84507.8   704.783   93.2983   873.621   1120.41   9994.75   157.113   
0.188981  7.0545    89820.3   719.512   86.4062   824.71    1120.92   11414.6   119.284   
0.187575  702.224   91202     807.848   90.0018   1002.48   1120.11   10856.8   205.32    
0.187204  41.2877   78510.7   717.523   78.2252   886.816   1120.24   11156.6   183.415   
0.197182  27.1443   80743.3   800.07    81.3066   940.709   1120.44   9507.23   144.323   
0.188681  69.636    104179    748.462   98.9819   857.374   1120.63   10510.5   113.118   
0.175921  565.827   67351.4   756.598   79.4483   902.653   1120.07   10138.3   126.728   
0.185609  592.175   92870.4   720.745   99.1543   885.493   1120.74   10789.7   169.373   
0.195668  1122.44   89328.3   791.985   94.6448   968.239   1120.42   11166.1   207.649   
0.186052  370.772   92594.6   813.121   93.4001   1003.59   1120.18   12561.9   228.67    
0.197868  601.54    91452.3   727.182   92.8911   921.268   1120.16   12351.6   258.41    
0.198016  1463.41   72673.6   729.031   88.7152   885.562   1120.24   12609.3   212.325   
0.196488  78.1695   94915.5   817.354   80.2812   997.609   1120.11   11217.9   215.843   
0.188957  419.671   93618.4   735.023   83.7065   886.047   1120.2    12391.1   184.037   
0.182038  1.60258   72349.2   787.928   78.3185   925.18    1120.25   9897.57   125.731   
0.19644   8196.86   81477.5   708.794   80.5279   831.969   1120.24   11880.7   154.193   
0.193728  289.641   98945.3   795.97    101.202   960.128   1120.59   11149.6   190.014   
0.18475   86.5006   89868.1   749.105   84.3818   923.376   1120.24   11175.5   184.136   
0.193675  61.2017   90259.6   803.177   85.9886   914.362   1120.65   9874.32   114.183   
0.190707  1474.18   92205.8   740.995   91.8994   869.844   1120.36   10190.3   131.78    
0.196691  376.519   86794.4   806.81    97.1664   993.672   1120.47   11130.9   222.291   
0.19385   21.5715   81272.5   771.488   84.4878   878.869   1120.05   12504.6   139.89    
0.186203  22.7313   90155.4   740.826   108.884   907.168   1120.24   10490.5   168.464   
0.191121  229.287   94879.5   812.655   88.4024   933.467   1120.03   10412.4   127.151   
0.199133  16.7343   89340.3   768.425   74.7212   952.013   1121.24   9592.16   193.71    
0.184181  36.4183   92617.3   775.335   86.2465   906.652   1120.48   12499.5   154.325   
0.184239  110.406   95890.5   774.297   93.7771   922.849   1120.26   11339.4   158.489   
0.194803  226.6     89669.1   781.689   66.3884   901.214   1120.04   11806.9   147.081   
0.193609  1698.68   78165.4   700.373   79.7125   813.172   1120.35   11234.1   130.403   
0.192428  94.6858   93005     770.973   82.6337   902.494   1120.02   10515.3   141.79    
0.194495  1850.57   92660.3   767.641   90.7571   870.342   1120.5    12720.1   135.611   
0.181512  1450.75   82347.6   806.425   82.555    938.173   1120.92   10107.8   121.008   
0.191668  48.2595   102545    793.727   81.2268   991.463   1120.07   12766.8   256.46    
0.195716  2678.86   73606.2   809.438   91.2312   914.597   1120.23   10801.9   119.711   
0.198778  64.6556   92015.3   748.919   98.8772   911.464   1120.22   10053.5   179.218   
0.179896  50.892    92113.4   738.127   85.0044   851.341   1120.79   10216.7   103.906   
0.180871  309.236   85445.8   801.323   86.1717   967.453   1120.25   12988.3   194.767   
0.190775  197.211   98462.3   792.462   92.4712   947.919   1120      11356.6   177.766   
0.199201  890.758   87077     788.359   89.3165   969.856   1120.36   9656.62   191.923   
0.180855  6.37242   76078.5   747.175   91.6844   893.612   1120.01   12509.7   166.881   
0.191147  53.5473   99627.1   725.879   91.0102   910.252   1120.15   11012.3   205.77    
0.192587  7047.05   87296.2   729.198   70.773    851.69    1120.22   10671.6   132.491   
0.189029  3.54555   73094.3   789.299   66.1013   924.068   1120.15   10513.1   140.939   
0.195208  1056.5    112740    784.762   87.6504   941.718   1120.72   11768.2   193.505   
0.192693  178.216   90600.4   750.6     87.9804   936.342   1120.05   10611     202.497   
0.193851  5.25066   85732.6   773.016   100.533   967.196   1120.17   10926.5   222.27    
0.190471  231.064   64509.9   744.848   98.0693   879.178   1120.51   11966.6   161.242   
0.194928  6.17862   99464.8   812.017   62.5458   956.785   1120.62   12964.9   197.531   
0.199907  727.716   85344.8   786.827   88.8442   949.834   1120.02   9980.64   179.414   
0.19422   119.004   84154.3   773.889   97.198    933.472   1120.17   11829.5   197.12    
0.187804  1196.69   98812.6   730.312   100.202   866.465   1120.24   10724.6   142.328   
0.186032  180.625   86593     744.037   87.8428   937.125   1120.32   12816.5   236.492   
0.184896  579.201   88018.4   703.014   84.5728   836.392   1120.75   10333.9   130.128   
0.183144  39.7693   96036.7   812.432   95.9143   935.656   1120.02   9790.45   112.577   
0.174507  92.611    99718.5   713.339   95.1694   890.764   1120.24   11739.1   176.021   
0.194055  2.79493   70796.4   763.596   84.3623   878.898   1120.23   10646.5   128.91    
0.19472   87.5216   94411.8   816.085   103.272   1008.81   1121.11   10706     216.894   
0.19228   1022.98   89162     771.194   92.927    950.849   1120.26   12274.9   224.441   
0.192053  338.313   94777.9   811.727   97.1147   1002.21   1120.01   11802.8   229.173   
0.176806  2958.54   82546.1   736.703   76.7192   900.234   1120.27   9773.56   137.728   
0.195428  233.633   82107     714.848   84.4728   866.649   1120.43   12772     203.893   
0.193533  924.42    91927.3   740.182   93.1589   893.498   1120.98   11898.3   188.083   
0.186041  19094.1   76161.3   753.298   92.6688   862.856   1120.01   12879.2   133.67    
0.181467  493.682   96397.4   759.415   87.6747   917.435   1120.4    10764     154.844   
0.184938  186.424   86591.8   756.725   85.6659   895.077   1120.42   10405.3   136.309   
0.186887  26.0968   92576.7   748.995   85.6763   898.149   1120.54   12646.3   182.626   
0.191865  47.2778   95869     710.498   111.013   902.934   1120.44   12375.9   243.362   
0.19901   1043.47   81704.2   772.198   92.4612   917.186   1120.14   10413.3   164.89    
0.193533  608.66    82617.6   727.718   108.961   849.545   1120.2    9963.39   125.947   
0.194371  335.615   87433.9   796.999   89.2682   987.674   1120.16   12138     241.101   
0.187594  7.2065    80673.5   798.322   84.4496   984.716   1120.4    12110.2   220.923   
0.199352  184.927   86661.5   734.945   83.2209   912.29    1120.82   9918.72   193.15    
0.195723  272.785   99981.4   721.809   97.3216   907.371   1120.27   10345     203.539   
0.19822   176.203   78838.3   780.662   98.244    945.936   1120.42   9739.2    175.264   
0.194458  854.48    85742.1   767.764   90.1376   961.575   1120.28   11375.8   229.688   
0.195061  1516.04   86588.6   750.611   96.6646   883.278   1120.29   10955.6   152.451   
0.195998  946.953   91679     807.279   100.904   918.027   1120.3    10503.1   123.435   
0.180985  818.877   83430.9   702.724   102.552   868.692   1120.04   10512.2   158.296   
0.192163  146.474   84146.2   766.692   95.4034   961.149   1120.17   12018.1   238.736   
0.199004  282.429   87322.4   799.925   90.0252   940.856   1120.31   10405.8   160.477   
0.192634  218.15    99796.5   781.815   92.09     895.325   1120.7    12884.9   149.698   
0.188698  44.6225   79498     714.224   79.8806   912.46    1120.38   11645.4   227.606   
0.180245  4813.39   97934.7   729.047   94.4226   852.027   1120.15   10368.7   114.331   
0.195203  49.8863   64589.7   750.65    79.8776   885.823   1120.49   9669.9    138.068   
0.190092  545.573   73271.5   815.993   63.8895   980.898   1120.08   11449.2   187.046   
0.177643  85.2809   89392.7   802.121   99.6036   999.246   1120.01   11553.2   199.574   
0.194592  308.96    80303.3   733.006   79.6179   871.772   1120.19   11220.9   162.499   
0.187668  413.465   85748.5   717.389   98.6511   822.755   1120.25   10231.6   105.157   
0.199481  59.8478   93336.7   730.884   96.7549   902.688   1120.59   9731.09   184.627   
0.198187  415.125   83133.7   796.935   91.3476   961.306   1120.26   11348.7   202.104   
0.184436  14.7243   86432     809.845   86.3185   948.534   1120.55   10218.8   134.104   
0.194718  166.406   74261.1   773.663   91.6156   901.81    1120.27   9776.22   131.598   
0.189374  13.3311   85587.4   801.494   102.224   901.956   1120.49   9833.48   98.6858   
0.197371  59.6337   102564    722.749   105.705   920.648   1120.48   10957.7   234.435   
0.194726  1704.75   86031.3   815.905   86.1093   991.164   1120.65   10216.3   186.919   
0.192149  1162.77   85171.8   773.161   76.9378   898.71    1120.16   12391.4   157.453   
0.193687  904.945   101361    732.638   96.3847   892.415   1120.22   10877.9   179.978   
0.181216  146.258   97776.2   809.719   95.4445   1008.8    1120.08   10421.8   189.074   
0.188235  192.342   92029.6   717.113   99.11     868.57    1120.18   12161.3   180.602   
0.185295  1016.08   82847.7   817.693   88.968    941.243   1120.46   12986.1   151.534   
0.196768  23.4791   105898    701.238   97.5429   866.401   1120.43   9778.51   173.889   
0.181426  117.992   86235.2   817.81    92.8748   1004.85   1120.72   11863.2   202.267   
0.199124  888.727   86927.5   785.968   93.1948   912.497   1120.06   9784.93   135.571   
0.197699  1668.68   89044.8   781.859   93.0652   939.82    1120.87   10840.5   184.202   
0.194351  60.5622   75861.7   733.288   67.1478   922.207   1120.05   10726.1   211.413   
0.194012  6.86243   88827.4   782.011   81.7865   938.703   1120.92   11643.7   190.846   
0.177105  33126.1   99277.7   714.068   107.833   865.338   1120.53   12783.4   166.694   
0.190919  4649.69   95276.2   742.186   103.513   891.113   1120.5    9608.96   144.048   
0.173689  11.4588   87568.9   744.245   88.1716   938.991   1120.17   11857.8   193.91    
0.1965    583.954   92352.7   782.142   87.1138   915.279   1120.76   11656.4   164.925   
0.197639  1180.17   67339.5   744.42    81.8727   924.442   1120.21   10412.3   201.451   
0.188628  0.846526  83703.6   758.917   85.3163   930.014   1120.14   9633.14   164.034   
0.196802  105.747   93106.8   785.24    85.8286   940.638   1120.38   11137.9   185.354   
0.195188  186.808   89213.5   708.907   91.6211   843.179   1120.11   12973.8   183.114   
0.198701  158.454   96824.4   746.922   105.172   943.331   1120.39   11725.4   251.651   
0.199127  732.767   93577.1   778.188   97.5262   951.493   1120.23   10523.4   199.667   
0.192818  102.606   80883     744.388   70.0581   909.641   1120      10145.1   172.236   
0.197985  140.119   102607    788.404   103.105   974.378   1120.15   12070.1   243.501   
0.184971  10325.9   72597.5   788.542   99.2291   942.7     1120.56   10140.8   147.436   
0.19463   17.5807   102591    750.138   90.25     850.942   1120.26   12205.5   129.37    
0.182643  191.986   99154.6   738.543   104.321   856.951   1120.5    11263.1   123.352   
0.193437  166.492   95133.7   756.643   89.0963   903.677   1120.08   12510.3   190.035   
0.192433  487.123   84350.9   742.599   79.9002   881.952   1120.45   11032.7   156.822   
0.195362  2.38487   107418    759.22    107.505   859.669   1121.24   12690.8   135.641   
0.194619  6.98713   78199.1   784.414   80.1216   909.642   1120.07   12139.8   160.035   
0.199635  210.86    90309.4   809.1     88.1652   990.481   1120.01   11694     233.278   
0.19997   75.7866   76899.5   715.035   60.6561   818.495   1120.14   9874.42   112.631   
0.187788  1489.78   87636.9   804.415   91.0876   957.757   1120.03   10419     155.514   
0.189185  741.616   105141    740.283   96.7752   904.149   1120.06   10823.2   175.447   
0.1963    51.3279   90733.1   765.845   98.1057   920.215   1120.03   11553.2   190.613   
0.198035  983.345   95268.9   718.902   82.6297   905.862   1120.27   10073.2   203.425   
0.191356  6.72044   81341.1   729.373   87.3883   871.034   1120.02   9774.47   141.297   
0.198651  19.9417   78397.7   749.928   96.7547   937.859   1120.03   12520.7   257.744   
0.195707  3006.24   89992.9   735.62    99.4633   878.184   1120.04   10225.3   153.995   
0.184853  1442.14   91977.9   804.368   91.4633   968.808   1120.69   11656     180.456   
0.193703  637.838   72874.1   773.656   85.6137   942.358   1120.8    11956.7   208.194   
0.186695  16.0126   92611.7   774.858   96.8544   927.282   1120.54   10857.1   160.469   
0.190075  4198.68   96332.4   728.889   92.5408   879.87    1120.05   10545.5   158.428   
0.193811  15.2869   93723.7   797.062   81.2357   967.406   1120.13   11362.4   201.839   
0.199783  1438.89   91876.9   774.063   99.4011   944.193   1120.76   10456.9   195.776   
0.194264  1205.33   82381.5   771.867   78.3139   932.069   1120.02   11328.7   188.105   
0.193006  979.092   84912.7   733.134   83.6085   896.572   1120.36   10808     181.189   
0.196469  155.366   88897.3   741.757   94.8734   920.289   1120.42   9783.71   186.834   
0.184615  29141.1   92251.2   735.598   78.7664   922.049   1120.04   11004.5   191.279   
0.19617   2070.08   75093.5   726.19    77.6783   899.63    1120.2    10373.6   190.133   
0.192525  67.3778   90938.3   717.522   71.4385   893.539   1120.1    11891.3   214.139   
0.195063  66.8761   92694.7   755.495   89.7326   954.083   1120.18   11280.2   236.1     
0.192241  534.68    79127     802.435   86.3533   929.779   1120.9    12841.1   166.144   
0.197197  148.402   72672.2   725.376   95.2294   833.643   1120.34   9617.02   112.232   
0.196406  915.576   98693.1   760.965   103.709   918.611   1120.16   10578.6   177.782   
0.198918  152.567   98343.2   760.403   100.909   912.39    1120.74   9725.7    162.119   
0.199244  282.861   89323     799.914   89.9208   956.159   1120.03   12808.4   218.827   
0.196992  2928.19   87667     812.252   109.559   1004.94   1120.06   12310.7   253.447   
0.195913  62.1357   86413.3   747.419   89.0935   873.565   1120.75   9790.4    131.448   
0.193184  363.335   89749.7   738.874   91.3206   894.869   1120.59   10646.4   171.255   
0.194896  37.4228   90915.5   794.754   97.3315   938.166   1120.33   10255.8   155.204   
0.196658  447.181   85183.7   702.881   102.766   849.252   1120.3    10505.6   164.522   
0.190709  23.1481   82926.3   796.619   82.8707   967.442   1120.24   11984.9   206.485   
0.174973  5.19315   92508.8   755.658   83.2057   873.775   1120.53   11362.3   114.475   
0.188467  1.57536   95656.1   805.397   90.9187   988.686   1120.42   11312.2   205.639   
0.194638  2416.36   86724.9   729.063   95.9977   922.694   1120.14   12121     244.448   
0.197004  251.54    95536.3   735.033   99.4326   882.459   1120.15   11189.5   177.09    
0.193052  23.1873   77099.9   749.58    83.0364   925.762   1121.08   11491.7   209.143   
0.191085  450.042   91656.8   761.429   81.8672   948.227   1120.34   11240.3   211.309   
0.190675  72.7064   86763.8   752.158   80.8817   864.237   1120.26   9808.56   110.789   
0.188736  359.019   87606.6   798.313   82.1136   905.827   1120.05   12029.7   126.987   
0.189426  101.941   90099.8   720.182   82.3706   871.099   1120      12604.4   188.547   
0.188996  62.0528   79582.8   767.263   80.8259   923.494   1120.53   11380.7   175.773   
0.187248  35.2728   78074.2   700.482   82.6937   816.498   1120.34   12501.6   140.853   
0.198828  41.1645   103576    762.22    96.1791   890.336   1120.24   11765.4   165.206   
0.199785  67.8553   73423.4   810       86.3374   990.609   1120.03   9644.47   192.773   
0.172377  13.0299   84525     723.082   95.7101   913.725   1120.02   11406.2   180.003   
0.197127  29.3965   81449.1   751.511   89.7586   900.123   1121.23   12695.8   202.937   
0.186617  1703.11   83027.4   757.414   91.785    896.926   1120.53   10625.5   142.403   
0.185905  1610.26   97637.3   718.037   95.3172   849.585   1120.59   10901.3   136.757   
0.191353  534.52    81301.9   756.636   83.9021   952.86    1120.39   11928.5   235.967   
0.176885  2134.62   91885     796.534   85.5303   947.218   1120.64   12146.2   157.597   
0.19812   4026.73   77107.7   792.482   90.9509   924.987   1120.01   11588.7   165.396   
0.199838  3.82277   90429.1   736.965   91.9245   844.434   1120.24   10811.1   129.321   
0.196433  180.444   77541.3   747.203   77.8018   856.056   1120.54   12896.6   148.966   
0.196665  805.898   96931     754.784   93.3728   944.852   1120.12   10121.2   205.476   
0.186942  26.8883   81492.5   704.538   94.104    900.748   1120.72   9991.99   190.491   
0.194862  163.407   90471.4   758.487   94.6199   932.474   1120.48   12360.3   225.59    
0.198527  1804.65   97631.2   818.175   92.1879   940.402   1120.05   11223.3   148.742   
0.19263   42.3666   103543    712.973   106.043   912.94    1121.12   9984.96   205.88    
0.19661   521.046   89825.7   755.377   97.4046   908.327   1120.48   11848.1   193.207   
0.195736  42.108    92943.3   725.003   82.1383   832.622   1121.04   10809.2   123.406   
0.196659  526.955   102587    722.83    98.6686   893.207   1120.15   9884.21   180.203   
0.197601  24.5681   87103.1   808.915   83.0654   975.084   1120.25   9525.56   171.665   
0.188464  152.076   93980.5   799.254   106.119   972.479   1120.23   10611     181.166   
0.190367  1342.33   91361.3   766.746   95.0076   947.075   1120.55   9609.64   173.549   
0.195554  234.705   86625.4   725.361   88.5855   883.323   1120.51   12207.3   203.352   
0.192173  46.9283   94303.7   708.423   93.3826   843.671   1120.85   11510.3   159.36    
0.197861  757.592   84769.4   730.712   92.2169   868.369   1120.48   12209.7   181.03    
0.190879  396.279   80982.6   811.163   81.2768   913.898   1120.32   11372     117.324   
0.195715  13.6126   93756     744.499   82.8686   902.241   1120.49   12804     214.507   
0.195313  127.139   81482.1   741.263   75.4535   844.926   1120.41   9548.66   104.417   
0.194822  6.97202   93508.3   762.769   92.1299   930.204   1120.34   12712.8   224.669   
0.199349  10.4214   81138.1   725.912   91.449    859.576   1120.66   9599.4    141.897   
0.196295  309.996   98504.7   819.177   103.233   1011.6    1120.43   12225     250.395   
0.190172  217.812   79862.9   769.323   95.689    923.701   1120.06   11173.6   172.68    
0.195525  24.3016   88172.4   723.159   91.6563   911.893   1120.64   12967.1   259.271   
0.198755  4.93002   92001.7   780.99    83.5789   964.21    1120.32   10253.3   206.667   
0.195244  31.0911   91088.8   761.08    82.652    894.447   1121.3    10767.5   151.668   
0.190329  209.557   97370.1   716.119   93.6806   867.416   1120.49   9612.95   146.023   
0.191855  1927.68   91737.9   817.78    91.5313   994.118   1120.42   10677.6   190.954   
0.187205  154.094   111065    765.992   83.8097   878.264   1120.2    12800.8   139.022   
0.19598   557.549   72175.7   800.465   69.6682   966.931   1120.64   12000.8   210.163   
0.18287   74.1124   80596.5   770.512   71.8617   899.301   1120.54   10961.3   130.571   
0.189845  2910.16   84736.6   754.367   83.8393   863.934   1120.75   12091.8   130.919   
0.19324   385.664   94132.8   750.432   90.1018   901.923   1120.56   12736.8   198.448   
0.197579  4.36793   88274.8   815.341   100.933   980.865   1120.14   11700.6   210.726   
0.181417  220.508   100899    737.701   110.748   855.621   1120.08   11462.1   123.436   
0.194946  366.279   100547    757.543   108.188   871.258   1120.26   10531.1   126.059   
0.192949  32.3299   80134.3   787.531   101.291   964.802   1120.79   11938.1   218.647   
0.196217  73.0088   86054.6   786.919   75.9331   961.643   1120.15   9787.85   182.274   
0.189794  49.0971   90123.5   794.46    104.659   928.382   1120.76   9998.32   134.058   
0.192757  338.878   93280.1   762.579   89.3665   887.559   1120.65   12916.1   165.18    
0.199468  42.1405   97437.1   759.187   84.7245   948.658   1120.04   9651.76   201.898   
0.194267  22.2044   89025.1   815.784   99.9957   972.121   1120.12   12603.9   206.49    
0.192641  210.174   92441.2   777.226   109.631   937.281   1120.31   12966.9   213.057   
0.190654  23.1259   87528.7   819.021   80.577    961.028   1120.23   12057.5   172.53    
0.199468  643.113   88138.6   758.381   75.2475   956.792   1120.06   11212.9   243.075   
0.189527  1830.24   99947.6   725.231   72.8334   846.853   1120.01   10216.6   122.663   
0.197347  395.792   77887.4   729.82    76.8475   917.065   1120.08   12205.5   244.509   
0.193115  1.03367   83484.1   719.906   79.0329   845.265   1120.05   11328.9   147.962   
0.198525  25131.5   82647.4   817.616   89.5908   958.099   1120.45   10142.2   153.847   
0.195843  10.948    84748     702.12    77.1971   824.393   1120.39   10257.2   133.658   
0.183483  45.6775   110989    715.675   104.49    912.854   1120.19   11300.2   208.506   
0.198677  237.235   85569.1   809.26    96.2252   990.79    1120.49   11093.8   219.715   
0.184486  66.5588   99750     703.557   107.255   870.182   1121.59   9653.05   152.113   
0.184397  227.672   85464.8   811.546   94.369    922.3     1120.31   11253     117.322   
0.188938  87.0082   84712.1   744.698   75.4079   872.056   1120.06   11348.3   142.613   
0.197387  43.5974   93292.5   733.386   89.1997   913.081   1120.45   12454.1   241.316   
0.186824  273.774   82804.8   765.64    97.9662   963.361   1120.52   10055.2   192.309   
0.19155   2566.46   75090.6   759.355   101.802   933.209   1120.49   11991     210.596   
0.199301  140.535   90698.1   764.861   80.7793   910.488   1120.11   11212.4   179.014   
0.190359  2173.01   88487.6   708.292   75.1064   888.915   1120.05   11481.3   206.012   
0.184602  1028.54   78057.8   784.156   84.0613   952.328   1120.29   12840.7   202.306   
0.193205  545.348   90383     711.216   96.6921   874.935   1121.01   10927.8   184.398   
0.192351  432.105   103663    815.909   87.4055   919.798   1120.26   12895.5   136.438   
0.18866   1389.76   88528.2   721.895   89.1481   841.167   1120.19   11568     135.241   
0.187048  1093.75   86704     740.323   83.8418   935.337   1120.19   11340.8   213.098   
0.194304  32.8857   90097.6   747.209   106.122   881.309   1120.63   12252.2   172.178   
0.178322  31.3051   91268.5   759.786   97.8633   958.701   1121.18   11431.1   200.878   
0.19527   496.959   80706.3   797.865   86.6585   964.181   1120.09   11019.2   192.723   
0.196896  1045.13   81007.7   788.468   76.906    977.968   1120.28   12690.4   255.192   
0.19783   847.095   87132.6   731.794   97.5114   894.816   1120.38   11545.6   203.038   
0.193356  329.264   112022    764.568   102.816   881.829   1120.1    11945.7   144.794   
0.18686   586.568   94579.8   702.952   79.3752   861.592   1120.24   11760     179.342   
0.19277   30.8099   93646.6   708.614   98.0433   905.088   1120.23   9833.69   199.658   
0.196366  290.209   88977.3   796.244   83.4163   995.007   1120.27   12868     271.308   
0.197561  0.953393  74608.1   764.446   97.7112   895.404   1120.35   11680.2   166.861   
0.179977  85.8211   79347.8   743.785   79.7592   908.158   1120.05   12459     183.504   
0.177642  636.463   79403     771.45    83.5027   917.866   1120.74   10437     133.256   
0.171507  23.8079   90070.3   713.506   86.073    850.141   1120.39   11791.4   131.713   
0.199497  1454.85   96933.6   725.68    100.292   889.665   1120.28   11182.7   201.121   
0.194731  34.393    93640.3   709.18    87.2576   905.426   1120.08   9888.81   204.372   
0.194493  598.833   80519.2   805.826   90.2018   971.016   1120.04   9945.21   171.738   
0.190661  1575.34   83728.4   770.781   84.4487   880.752   1121.32   12047.9   132.178   
0.194731  1559.19   81688.7   769.581   82.9907   966.184   1120.36   11725.8   239.965   
0.194765  71.174    83277.4   801.476   79.5035   981.887   1120.37   9719.37   184.262   
0.19827   88.0551   97993.3   759.137   89.998    898.28    1120.05   12222     184.826   
0.178684  26.9955   98680.3   777.804   99.8941   968.961   1120.52   12274.2   208.202   
0.184392  34.4148   72655.7   712.388   102.884   884.908   1120.49   12796.2   208.389   
0.182204  162.298   94556.3   815.701   101.402   972.175   1120.85   10489.6   151.153   
0.187313  62.7223   85303.4   794.107   98.0107   988.651   1120.72   9919.56   188.066   
0.193733  572.542   95351.7   727.345   100.045   913.283   1120.84   10360.5   199.885   
0.197803  1004.08   93123.5   818.855   93.6129   937.773   1120.19   12131.4   155.298   
0.199499  617.069   87130.2   811.866   82.7224   947.564   1120.19   11259.9   167.293   
0.186279  24.1387   95139.4   728.095   87.226    897.176   1120.26   11490.9   187.204   
0.190746  32.105    80274.9   711.546   73.8553   897.651   1120.3    12404.8   232.292   
0.184184  361.198   97601.5   818.65    93.8172   975.755   1120.4    12162.3   179.088   
0.186726  70.5604   99311.2   741.585   102.202   915.976   1120.54   11179.2   188.666   
0.193995  764.024   89419.7   790.427   96.4319   947.029   1120.15   11952.2   194.209   
0.191651  16.8392   85896.5   816.313   78.7461   961.103   1121.15   11970     176.409   
0.198993  40.7444   86655.4   749.32    99.9796   856.146   1120.08   11830.5   138.818   
0.195863  142.358   78001.9   771.263   77.9085   963.59    1120.73   11185     227.641   
0.187891  352.442   109078    726.93    104.617   832.013   1120.05   12697.2   130.241   
0.188198  233.367   96607.1   717.013   101.341   843.957   1120.13   10248.8   127.783   
0.187361  71.2327   72948.3   802.527   101.26    982.379   1120.84   12025.5   210.476   
0.182009  1312.89   89400.9   795.586   83.5484   986.974   1120.17   11457.6   200.123   
0.187026  83.1168   97203.1   769.345   100.391   890.95    1120.07   12284.2   144.866   
0.18664   236.783   100689    795.745   93.3311   937.519   1120.59   9798.99   134.106   
0.192116  128.082   79680.2   714.887   74.6193   912.493   1120.2    9731.91   196.314   
0.199691  288.695   75819.7   721.136   91.2893   858.978   1120.14   11217.8   170.221   
0.18964   50.8075   85620.8   813.252   78.1881   933.283   1120.05   10111.8   121.025   
0.18665   254.431   76749.1   777.188   89.3794   939.237   1120.84   12746.8   198.523   
0.180841  9.71364   76984.4   781.399   93.0789   915.591   1120.39   10593.2   129.497   
0.193123  554.579   91312     763.129   99.6066   883.833   1120.57   10555.7   131.379   
0.178913  246.877   83360.8   755.988   80.1437   917.091   1120.43   12325.3   175.428   
0.196522  838.213   92542.1   789.031   95.4762   930.554   1120.26   12695.5   190.932   
